
----------------------------------------------------------------------------------
KEY    =   (  MCS =  0   TBS = 16  )
SINR  =   ( -9.000000 -8.800000 -8.600000 -8.400000 -8.200000 -8.000000 -7.800000 -7.600000 -7.400000 -7.200000 -7.000000 -6.800000 -6.600000 -6.400000 -6.200000 -6.000000 -5.800000 -5.600000 -5.400000 -5.200000 -5.000000 -4.800000 -4.600000 -4.400000 -4.200000 -4.000000 -3.800000 -3.600000 -3.400000 -3.200000 -3.000000 -2.800000 -2.600000 -2.400000 -2.200000 -2.000000 -1.800000 )
BLER    =   ( 0.993014 0.993014 0.995010 0.990020 0.988024 0.990020 0.991018 0.981038 0.972056 0.973054 0.972056 0.943114 0.938124 0.915170 0.887226 0.868263 0.825349 0.745509 0.699601 0.639721 0.591816 0.505988 0.466068 0.395210 0.333333 0.247505 0.219561 0.164671 0.125000 0.085861 0.061652 0.042445 0.028111 0.016183 0.012739 0.007824 0.004233 )

KEY    =   (  MCS =  1   TBS = 24  )
SINR  =   ( -7.400000 -7.200000 -7.000000 -6.800000 -6.600000 -6.400000 -6.200000 -6.000000 -5.800000 -5.600000 -5.400000 -5.200000 -5.000000 -4.800000 -4.600000 -4.400000 -4.200000 -4.000000 -3.800000 -3.600000 -3.400000 -3.200000 -3.000000 -2.800000 -2.600000 -2.400000 -2.200000 -2.000000 -1.800000 )
BLER    =   ( 0.987026 0.988024 0.976048 0.976048 0.968064 0.947106 0.922156 0.911178 0.874251 0.835329 0.774451 0.699601 0.645709 0.580838 0.519960 0.454092 0.411178 0.284431 0.244511 0.175649 0.132042 0.106383 0.075113 0.053438 0.026497 0.020439 0.012946 0.007071 0.004690 )

KEY    =   (  MCS =  2   TBS = 32  )
SINR  =   ( -6.600000 -6.400000 -6.200000 -6.000000 -5.800000 -5.600000 -5.400000 -5.200000 -5.000000 -4.800000 -4.600000 -4.400000 -4.200000 -4.000000 -3.800000 -3.600000 -3.400000 -3.200000 -3.000000 -2.800000 -2.600000 -2.400000 -2.200000 -2.000000 -1.800000 )
BLER    =   ( 0.961078 0.951098 0.938124 0.908184 0.866267 0.819361 0.796407 0.699601 0.642715 0.581836 0.518962 0.445110 0.360279 0.305389 0.275449 0.180639 0.130776 0.116913 0.071361 0.049229 0.033245 0.020576 0.014131 0.007901 0.004590 )

KEY    =   (  MCS =  3   TBS = 40  )
SINR  =   ( -5.600000 -5.400000 -5.200000 -5.000000 -4.800000 -4.600000 -4.400000 -4.200000 -4.000000 -3.800000 -3.600000 -3.400000 -3.200000 -3.000000 -2.800000 -2.600000 -2.400000 -2.200000 -2.000000 -1.800000 )
BLER    =   ( 0.835329 0.777445 0.736527 0.686627 0.588822 0.533932 0.462076 0.378244 0.309381 0.251497 0.188623 0.144788 0.104022 0.076766 0.047939 0.036276 0.024116 0.015138 0.008331 0.004819 )

KEY    =   (  MCS =  4   TBS = 56  )
SINR  =   ( -4.400000 -4.200000 -4.000000 -3.800000 -3.600000 -3.400000 -3.200000 -3.000000 -2.800000 -2.600000 -2.400000 -2.200000 -2.000000 -1.800000 -1.600000 -1.400000 -1.200000 -1.000000 -0.800000 -0.600000 )
BLER    =   ( 0.936128 0.905190 0.850299 0.794411 0.751497 0.680639 0.589820 0.477046 0.438124 0.313373 0.293413 0.217565 0.146199 0.109971 0.070721 0.045263 0.030260 0.019760 0.011777 0.006875 )

KEY    =   (  MCS =  5   TBS = 72  )
SINR  =   ( -3.400000 -3.200000 -3.000000 -2.800000 -2.600000 -2.400000 -2.200000 -2.000000 -1.800000 -1.600000 -1.400000 -1.200000 -1.000000 -0.800000 -0.600000 -0.400000 -0.200000 0.000000 0.200000 )
BLER    =   ( 0.964072 0.926148 0.884232 0.845309 0.791417 0.666667 0.622754 0.517964 0.432136 0.299401 0.247505 0.178643 0.129758 0.077841 0.049933 0.026762 0.018544 0.007811 0.004132 )

KEY    =   (  MCS =  6   TBS = 328  )
SINR  =   ( -3.42636 -3.28723 -2.96594 -2.78378 -2.57007 -2.38791 -2.22583 -1.9906 -1.73816 -1.5517 -1.48141 -1.21463 -1.06546 -0.782898 -0.603607 -0.417145 -0.181915 0.103516 0.122162 )
BLER    =   ( 0.964072 0.926148 0.884232 0.845309 0.791417 0.666667 0.622754 0.517964 0.432136 0.299401 0.247505 0.178643 0.129758 0.077841 0.049933 0.026762 0.018544 0.007811 0.004132   )

KEY    =   (  MCS = 7   TBS = 104  )
SINR  =   ( -1.200000 -1.000000 -0.800000 -0.600000 -0.400000 -0.200000 0.000000 0.200000 0.400000 0.600000 0.800000 1.000000 1.200000 1.400000 1.600000 1.800000 )
BLER    =   ( 0.955090 0.926148 0.891218 0.822355 0.721557 0.635729 0.501996 0.391218 0.291417 0.206587 0.134409 0.082554 0.050727 0.028582 0.013888 0.006465 )

KEY    =   (  MCS =  8   TBS = 120  )
SINR  =   ( -0.200000 0.000000 0.200000 0.400000 0.600000 0.800000 1.000000 1.200000 1.400000 1.600000 1.800000 2.000000 2.200000 2.400000 2.600000 )
BLER    =   ( 0.958084 0.917166 0.842315 0.776447 0.685629 0.549900 0.416168 0.294411 0.233533 0.141110 0.082919 0.051387 0.026935 0.013028 0.005730 )

KEY    =   (  MCS =  9   TBS = 136  )
SINR  =   ( 1.000000 1.200000 1.400000 1.600000 1.800000 2.000000 2.200000 2.400000 2.600000 2.800000 3.000000 3.200000 3.400000 )
BLER    =   ( 0.881238 0.797405 0.712575 0.590818 0.458084 0.354291 0.224551 0.140056 0.108147 0.051125 0.028158 0.012341 0.006211 )

KEY    =   (  MCS =  10   TBS = 136  )
SINR  =   ( 1.400000 1.600000 1.800000 2.000000 2.200000 2.400000 2.600000 2.800000 3.000000 3.200000 3.400000 3.600000 3.800000 4.000000 4.200000 4.400000 )
BLER    =   ( 0.989022 0.978044 0.948104 0.895210 0.830339 0.719561 0.603792 0.459082 0.332335 0.239521 0.159681 0.084555 0.058343 0.025589 0.012764 0.006253 )

KEY    =   (  MCS =  11   TBS = 144  )
SINR  =   ( 2.000000 2.200000 2.400000 2.600000 2.800000 3.000000 3.200000 3.400000 3.600000 3.800000 4.000000 4.200000 4.400000 4.600000 )
BLER    =   ( 0.942116 0.890220 0.822355 0.717565 0.613772 0.459082 0.327345 0.211577 0.141643 0.085861 0.037295 0.020180 0.010923 0.004126 )

KEY    =   (  MCS =  12   TBS = 176  )
SINR  =   ( 3.200000 3.400000 3.600000 3.800000 4.000000 4.200000 4.400000 4.600000 4.800000 5.000000 5.200000 5.400000 5.600000 )
BLER    =   ( 0.915170 0.849301 0.758483 0.643713 0.456088 0.374251 0.231537 0.128205 0.073242 0.039422 0.018040 0.009865 0.003558 )

KEY    =   (  MCS =  13   TBS = 208  )
SINR  =   ( 4.200000 4.400000 4.600000 4.800000 5.000000 5.200000 5.400000 5.600000 5.800000 6.000000 6.200000 6.400000 6.600000 )
BLER    =   ( 0.968064 0.932136 0.817365 0.697605 0.582834 0.407186 0.283433 0.170659 0.092593 0.046253 0.023220 0.010851 0.004701 )

KEY    =   (  MCS =  14   TBS = 224  )
SINR  =   ( 5.000000 5.200000 5.400000 5.600000 5.800000 6.000000 6.200000 6.400000 6.600000 6.800000 7.000000 7.200000 )
BLER    =   ( 0.884232 0.788423 0.649701 0.512974 0.364271 0.209581 0.132861 0.068776 0.036092 0.019184 0.007990 0.002706 )

KEY    =   (  MCS =  15   TBS = 256  )
SINR  =   ( 6.000000 6.200000 6.400000 6.600000 6.800000 7.000000 7.200000 7.400000 7.600000 7.800000 8.000000 8.200000 )
BLER    =   ( 0.921158 0.822355 0.714571 0.558882 0.401198 0.281437 0.178643 0.087617 0.045072 0.023252 0.008182 0.003706 )

KEY    =    (  MCS =  16   TBS = 280  )
SINR  =   ( 6.800000 7.000000 7.200000 7.400000 7.600000 7.800000 8.000000 8.200000 8.400000 8.600000 8.800000 9.000000 )
BLER    =   ( 0.923154 0.823353 0.716567 0.579840 0.434132 0.268463 0.163673 0.080732 0.046860 0.020807 0.009315 0.003812 )

KEY    =   (  MCS =  17   TBS = 280  )
SINR  =   ( 7.600000 7.800000 8.000000 8.200000 8.400000 8.600000 8.800000 9.000000 9.200000 9.400000 9.600000 9.800000 )
BLER    =   ( 0.977046 0.919162 0.806387 0.679641 0.505988 0.309381 0.195609 0.091743 0.053629 0.018792 0.008065 0.002789 )

KEY    =   (  MCS =  18   TBS = 328  )
SINR  =   ( 8.000000 8.200000 8.400000 8.600000 8.800000 9.000000 9.200000 9.400000 9.600000 9.800000 10.000000 10.200000 10.400000 10.600000 10.800000 11.000000 )
BLER    =   ( 1.000000 1.000000 1.000000 0.993014 0.989022 0.956088 0.892216 0.773453 0.637725 0.430140 0.258483 0.160679 0.075529 0.028382 0.013014 0.004836 )

KEY    =   (  MCS =  19   TBS = 336  )
SINR  =   ( 8.800000 9.000000 9.200000 9.400000 9.600000 9.800000 10.000000 10.200000 10.400000 10.600000 10.800000 11.000000 11.200000 )
BLER    =   ( 0.995010 0.986028 0.959082 0.898204 0.772455 0.618762 0.427146 0.254491 0.143130 0.064907 0.029697 0.013659 0.004669 )

KEY    =   (  MCS =  20   TBS = 376  )
SINR  =   ( 10.000000 10.200000 10.400000 10.600000 10.800000 11.000000 11.200000 11.400000 11.600000 11.800000 12.000000 12.200000 12.400000 )
BLER    =   ( 0.996008 0.961078 0.923154 0.801397 0.645709 0.472056 0.315369 0.182635 0.078493 0.041551 0.020265 0.008162 0.003015 )

KEY    =   (  MCS =  21   TBS = 408  )
SINR  =   ( 11.000000 11.200000 11.400000 11.600000 11.800000 12.000000 12.200000 12.400000 12.600000 12.800000 13.000000 )
BLER    =   ( 0.971058 0.935130 0.823353 0.680639 0.510978 0.304391 0.201597 0.106838 0.042349 0.021228 0.006401 )

KEY    =   (  MCS =  22   TBS = 440  )
SINR  =   ( 11.800000 12.000000 12.200000 12.400000 12.600000 12.800000 13.000000 13.200000 13.400000 13.600000 13.800000 14.000000 )
BLER    =   ( 0.987026 0.945110 0.863273 0.699601 0.549900 0.358283 0.230539 0.119713 0.064935 0.025147 0.011501 0.005494 )

KEY    =   (  MCS =  23   TBS = 488  )
SINR  =   ( 12.800000 13.000000 13.200000 13.400000 13.600000 13.800000 14.000000 14.200000 14.400000 14.600000 14.800000 15.000000 15.200000 )
BLER    =   ( 0.997006 0.990020 0.959082 0.892216 0.785429 0.590818 0.405190 0.288423 0.151697 0.106686 0.035740 0.016680 0.006868 )

KEY    =   (  MCS =  24   TBS = 520  )
SINR  =   ( 13.600000 13.800000 14.000000 14.200000 14.400000 14.600000 14.800000 15.000000 15.200000 15.400000 15.600000 15.800000 16.000000 16.200000 16.400000 )
BLER    =   ( 1.000000 0.998004 0.988024 0.957086 0.897206 0.774451 0.601796 0.487026 0.283433 0.154691 0.090909 0.041448 0.018151 0.009839 0.003604 )

KEY    =   (  MCS =  25   TBS = 552  )
SINR  =   ( 14.400000 14.600000 14.800000 15.000000 15.200000 15.400000 15.600000 15.800000 16.000000 16.200000 16.400000 16.600000 16.800000 17.000000 17.200000 )
BLER    =   ( 1.000000 0.997006 0.997006 0.960080 0.912176 0.811377 0.678643 0.493014 0.293413 0.167665 0.103164 0.054885 0.021658 0.008763 0.003650 )

KEY    =   (  MCS =  26   TBS = 584  )
SINR  =   ( 15.200000 15.400000 15.600000 15.800000 16.000000 16.200000 16.400000 16.600000 16.800000 17.000000 17.200000 17.400000 17.600000 17.800000 18.000000 )
BLER    =   ( 1.000000 1.000000 0.988024 0.980040 0.923154 0.834331 0.672655 0.501996 0.346307 0.193613 0.120482 0.050352 0.023145 0.010737 0.005236 )

KEY    =   (  MCS =  27   TBS = 616  )
SINR  =   ( 16.000000 16.200000 16.400000 16.600000 16.800000 17.000000 17.200000 17.400000 17.600000 17.800000 18.000000 18.200000 18.400000 18.600000 18.800000 )
BLER    =   ( 1.000000 1.000000 0.996008 0.978044 0.945110 0.842315 0.738523 0.582834 0.401198 0.244511 0.161677 0.075038 0.036523 0.015084 0.006787 )
----------------------------------------------------------------------------------

KEY    =   (  MCS =  0  TBS = 32  )
SINR  =   ( -10.000000 -9.800000 -9.600000 -9.400000 -9.200000 -9.000000 -8.800000 -8.600000 -8.400000 -8.200000 -8.000000 -7.800000 -7.600000 -7.400000 -7.200000 -7.000000 -6.800000 -6.600000 -6.400000 -6.200000 -6.000000 -5.800000 -5.600000 -5.400000 -5.200000 -5.000000 )
BLER    =   ( 0.987026 0.973054 0.974052 0.944112 0.929142 0.889222 0.845309 0.806387 0.768463 0.728543 0.621756 0.566866 0.477046 0.430140 0.355289 0.280439 0.235529 0.200599 0.140187 0.110132 0.067084 0.048638 0.033731 0.019335 0.013266 0.006759 )

KEY    =   (  MCS =  1  TBS = 56  )
SINR  =   ( -8.000000 -7.800000 -7.600000 -7.400000 -7.200000 -7.000000 -6.800000 -6.600000 -6.400000 -6.200000 -6.000000 -5.800000 -5.600000 -5.400000 -5.200000 -5.000000 -4.800000 -4.600000 -4.400000 -4.200000 -4.000000 -3.800000 -3.600000 )
BLER    =   ( 0.982036 0.968064 0.943114 0.916168 0.902196 0.863273 0.799401 0.738523 0.653693 0.578842 0.469062 0.392216 0.305389 0.245509 0.208583 0.134529 0.086957 0.053957 0.039002 0.022567 0.015732 0.008340 0.004973 )

KEY    =   (  MCS =  2  TBS = 72  )
SINR  =   ( -7.200000 -7.000000 -6.800000 -6.600000 -6.400000 -6.200000 -6.000000 -5.800000 -5.600000 -5.400000 -5.200000 -5.000000 -4.800000 -4.600000 -4.400000 -4.200000 -4.000000 -3.800000 -3.600000 -3.400000 -3.200000 -3.000000 -2.800000 )
BLER    =   ( 0.997006 0.996008 0.986028 0.971058 0.957086 0.927146 0.878244 0.829341 0.766467 0.679641 0.592814 0.500000 0.411178 0.318363 0.218563 0.168663 0.116009 0.077200 0.047771 0.027493 0.015594 0.007098 0.003641 )

KEY    =   (  MCS =  3  TBS = 104  )
SINR  =   ( -6.200000 -6.000000 -5.800000 -5.600000 -5.400000 -5.200000 -5.000000 -4.800000 -4.600000 -4.400000 -4.200000 -4.000000 -3.800000 -3.600000 -3.400000 -3.200000 -3.000000 -2.800000 -2.600000 -2.400000 -2.200000 -2.000000 -1.800000 -1.600000 -1.400000 )
BLER    =   ( 1.000000 1.000000 1.000000 0.999002 1.000000 0.998004 0.992016 0.987026 0.965070 0.919162 0.886228 0.820359 0.762475 0.658683 0.548902 0.451098 0.319361 0.243513 0.149701 0.117925 0.062500 0.029922 0.017977 0.009935 0.004242 )

KEY    =   (  MCS =  4  TBS = 120  )
SINR  =   ( -5.000000 -4.800000 -4.600000 -4.400000 -4.200000 -4.000000 -3.800000 -3.600000 -3.400000 -3.200000 -3.000000 -2.800000 -2.600000 -2.400000 -2.200000 -2.000000 -1.800000 -1.600000 -1.400000 -1.200000 -1.000000 -0.800000 )
BLER    =   ( 0.999002 1.000000 1.000000 0.997006 0.988024 0.975050 0.938124 0.923154 0.860279 0.797405 0.708583 0.585828 0.466068 0.355289 0.222555 0.156687 0.078247 0.069735 0.025261 0.016615 0.007662 0.003601 )

KEY    =   (  MCS =  5  TBS = 144  )
SINR  =   ( -3.800000 -3.600000 -3.400000 -3.200000 -3.000000 -2.800000 -2.600000 -2.400000 -2.200000 -2.000000 -1.800000 -1.600000 -1.400000 -1.200000 -1.000000 -0.800000 -0.600000 -0.400000 )
BLER    =   ( 0.997006 0.997006 0.994012 0.979042 0.962076 0.917166 0.835329 0.745509 0.658683 0.523952 0.364271 0.256487 0.154691 0.100739 0.050167 0.023155 0.013260 0.004913 )

KEY    =   (  MCS =  6  TBS = 176  )
SINR  =   ( -2.600000 -2.400000 -2.200000 -2.000000 -1.800000 -1.600000 -1.400000 -1.200000 -1.000000 -0.800000 -0.600000 -0.400000 -0.200000 0.000000 0.200000 0.400000 )
BLER    =   ( 0.999002 0.986028 0.990020 0.975050 0.928144 0.863273 0.774451 0.629741 0.460080 0.336327 0.211577 0.134168 0.069897 0.031250 0.012835 0.005749 )

KEY    =   (  MCS =  7  TBS = 224  )
SINR  =   ( -1.400000 -1.200000 -1.000000 -0.800000 -0.600000 -0.400000 -0.200000 0.000000 0.200000 0.400000 0.600000 0.800000 1.000000 1.200000 1.400000 1.600000 1.800000 )
BLER    =   ( 1.000000 1.000000 0.995010 0.991018 0.983034 0.958084 0.901198 0.816367 0.653693 0.512974 0.351297 0.231537 0.113723 0.062867 0.030096 0.010345 0.003747 )

KEY    =   (  MCS =  8  TBS = 256  )
SINR  =   ( -0.400000 -0.200000 0.000000 0.200000 0.400000 0.600000 0.800000 1.000000 1.200000 1.400000 1.600000 1.800000 2.000000 2.200000 2.400000 2.600000 )
BLER    =   ( 1.000000 0.999002 0.997006 0.990020 0.966068 0.922156 0.837325 0.710579 0.532934 0.386228 0.254491 0.148957 0.068966 0.029946 0.009882 0.003514 )

KEY    =   (  MCS =  9  TBS = 296  )
SINR  =   ( 0.800000 1.000000 1.200000 1.400000 1.600000 1.800000 2.000000 2.200000 2.400000 2.600000 2.800000 3.000000 3.200000 3.400000 3.600000 )
BLER    =   ( 1.000000 0.998004 0.993014 0.983034 0.961078 0.896208 0.763473 0.604790 0.423154 0.307385 0.162675 0.072922 0.035988 0.011495 0.004515 )

KEY    =   (  MCS =  10  TBS = 296  )
SINR  =   ( 1.200000 1.400000 1.600000 1.800000 2.000000 2.200000 2.400000 2.600000 2.800000 3.000000 3.200000 3.400000 3.600000 3.800000 4.000000 4.200000 )
BLER    =   ( 1.000000 1.000000 1.000000 0.997006 0.993014 0.971058 0.940120 0.842315 0.694611 0.515968 0.338323 0.173653 0.094280 0.035877 0.012738 0.003855 )

KEY    =   (  MCS =  11  TBS = 328  )
SINR  =   ( 2.000000 2.200000 2.400000 2.600000 2.800000 3.000000 3.200000 3.400000 3.600000 3.800000 4.000000 4.200000 4.400000 4.600000)
BLER    =   ( 1.000000 1.000000 0.998004 0.981038 0.960080 0.854291 0.737525 0.526946 0.335329 0.174651 0.082372 0.032708 0.011149 0.003093 )

KEY    =   (  MCS =  12  TBS = 376  )
SINR  =   ( 3.200000 3.400000 3.600000 3.800000 4.000000 4.200000 4.400000 4.600000 4.800000 5.000000 5.200000 5.400000 5.600000 )
BLER    =   ( 1.000000 0.994012 0.985030 0.938124 0.821357 0.651697 0.459082 0.273453 0.126476 0.059429 0.023123 0.008521 0.002145 )

KEY    =   (  MCS =  13  TBS = 440  )
SINR  =   ( 4.200000 4.400000 4.600000 4.800000 5.000000 5.200000 5.400000 5.600000 5.800000 6.000000 6.200000 6.400000 6.600000 )
BLER    =   ( 1.000000 1.000000 0.994012 0.969062 0.914172 0.770459 0.585828 0.352295 0.184631 0.087566 0.029697 0.012477 0.003618 )

KEY    =   (  MCS =  14  TBS = 488  )
SINR  =   ( 5.000000 5.200000 5.400000 5.600000 5.800000 6.000000 6.200000 6.400000 6.600000 6.800000 7.000000 7.200000 7.400000 )
BLER    =   ( 1.000000 0.999002 0.999002 0.969062 0.881238 0.760479 0.546906 0.311377 0.176647 0.077439 0.025017 0.008169 0.002303 )

KEY    =   (  MCS =  15  TBS = 552  )
SINR  =   ( 6.000000 6.200000 6.400000 6.600000 6.800000 7.000000 7.200000 7.400000 7.600000 7.800000 8.000000 8.200000 8.400000 8.600000 )
BLER    =   ( 1.000000 1.000000 1.000000 0.988024 0.971058 0.890220 0.730539 0.562874 0.331337 0.172655 0.068058 0.023091 0.008480 0.002666 )

KEY    =   (  MCS =  16  TBS = 600  )
SINR  =   ( 6.800000 7.000000 7.200000 7.400000 7.600000 7.800000 8.000000 8.200000 8.400000 8.600000 8.800000 9.000000 9.200000 )
BLER    =   ( 1.000000 0.999002 0.997006 0.992016 0.968064 0.857285 0.715569 0.484032 0.290419 0.144648 0.059785 0.021580 0.006231 )

KEY    =   (  MCS =  17  TBS = 600  )
SINR  =   ( 7.600000 7.800000 8.000000 8.200000 8.400000 8.600000 8.800000 9.000000 9.200000 9.400000 9.600000 9.800000 10.000000 )
BLER    =   ( 1.000000 1.000000 1.000000 0.998004 0.992016 0.943114 0.775449 0.539920 0.302395 0.115830 0.042325 0.012174 0.002360 )

KEY    =   (  MCS =  18  TBS = 632  )
SINR  =   ( 8.000000 8.200000 8.400000 8.600000 8.800000 9.000000 9.200000 9.400000 9.600000 9.800000 10.000000 10.200000 10.400000
BLER    =   ( 1.000000 1.000000 0.999002 1.000000 0.994012 0.955090 0.828343 0.614770 0.367265 0.153693 0.068244 0.014563 0.003689 )

KEY    =   (  MCS =  19  TBS = 696  )
SINR  =   ( 8.800000 9.000000 9.200000 9.400000 9.600000 9.800000 10.000000 10.200000 10.400000 10.600000 10.800000 11.000000 11.200000 )
BLER    =   ( 1.000000 1.000000 1.000000 0.999002 0.996008 0.976048 0.877246 0.670659 0.425150 0.206587 0.063721 0.019182 0.005259 )

KEY    =   (  MCS =  20   TBS = 776  )
SINR  =   ( 10.000000 10.200000 10.400000 10.600000 10.800000 11.000000 11.200000 11.400000 11.600000 11.800000 12.000000 12.200000 12.400000 )
BLER    =   ( 1.000000 1.000000 1.000000 0.995010 0.982036 0.899202 0.718563 0.450100 0.234531 0.090361 0.028593 0.008401 0.002075 )

KEY    =   (  MCS =  21   TBS = 840  )
SINR  =   ( 11.000000 11.200000 11.400000 11.600000 11.800000 12.000000 12.200000 12.400000 12.600000 12.800000 13.000000 13.200000 )
BLER    =   ( 1.000000 1.000000 1.000000 0.982036 0.930140 0.789421 0.547904 0.297405 0.108853 0.041853 0.013068 0.002946 )

KEY    =   (  MCS =  22   TBS = 904  )
SINR  =   ( 11.800000 12.000000 12.200000 12.400000 12.600000 12.800000 13.000000 13.200000 13.400000 13.600000 13.800000 14.000000 )
BLER    =   ( 1.000000 1.000000 1.000000 0.997006 0.958084 0.818363 0.612774 0.360279 0.179641 0.069703 0.021604 0.005431 )

KEY    =   (  MCS =  23   TBS = 1000  )
SINR  =   ( 12.800000 13.000000 13.200000 13.400000 13.600000 13.800000 14.000000 14.200000 14.400000 14.600000 14.800000 15.000000 15.200000 15.400000 )
BLER    =   ( 1.000000 1.000000 1.000000 1.000000 0.984032 0.959082 0.833333 0.595808 0.385230 0.177645 0.084698 0.030966 0.009310 0.003986 )

KEY    =   (  MCS =  24   TBS = 1064  )
SINR  =   ( 13.600000 13.800000 14.000000 14.200000 14.400000 14.600000 14.800000 15.000000 15.200000 15.400000 15.600000 15.800000 16.000000 16.200000 16.400000 )
BLER    =   ( 1.000000 1.000000 1.000000 1.000000 0.999002 0.993014 0.960080 0.877246 0.673653 0.399202 0.228543 0.100334 0.032432 0.009674 0.002518 )

KEY    =   (  MCS =  25   TBS = 1128  )
SINR  =   ( 14.400000 14.600000 14.800000 15.000000 15.200000 15.400000 15.600000 15.800000 16.000000 16.200000 16.400000 16.600000 16.800000 17.000000 17.200000 )
BLER    =   ( 1.000000 1.000000 1.000000 1.000000 1.000000 0.996008 0.970060 0.898204 0.696607 0.413174 0.233533 0.105708 0.041946 0.012988 0.004220 )

KEY    =   (  MCS =  26   TBS = 1192  )
SINR  =   ( 15.200000 15.400000 15.600000 15.800000 16.000000 16.200000 16.400000 16.600000 16.800000 17.000000 17.200000 17.400000 17.600000 17.800000 18.000000 )
BLER    =   ( 1.000000 1.000000 1.000000 1.000000 1.000000 0.998004 0.977046 0.880240 0.716567 0.476048 0.230539 0.115207 0.032895 0.010701 0.002905 )

KEY    =   (  MCS =  27   TBS = 1256  )
SINR  =   ( 16.000000 16.200000 16.400000 16.600000 16.800000 17.000000 17.200000 17.400000 17.600000 17.800000 18.000000 18.200000 18.400000 18.600000 18.800000 19.000000 19.200000 )
BLER    =   ( 1.000000 1.000000 1.000000 1.000000 1.000000 1.000000 0.997006 0.989022 0.933134 0.748503 0.548902 0.317365 0.166667 0.069412 0.022150 0.007734 0.003402 )
----------------------------------------------------------------------------------

KEY    =   (  MCS =  0   TBS = 56  )
SINR  =   ( -10.000000 -9.800000 -9.600000 -9.400000 -9.200000 -9.000000 -8.800000 -8.600000 -8.400000 -8.200000 -8.000000 -7.800000 -7.600000 -7.400000 -7.200000 -7.000000 -6.800000 -6.600000 -6.400000 -6.200000 -6.000000 -5.800000 -5.600000 -5.400000 )
BLER    =   ( 0.991018 0.986028 0.958084 0.959082 0.934132 0.900200 0.835329 0.810379 0.712575 0.658683 0.588822 0.448104 0.388224 0.320359 0.235529 0.176647 0.133097 0.084507 0.065588 0.040333 0.026441 0.013125 0.008558 0.004589 )

KEY    =   (  MCS =  1   TBS = 88  )
SINR  =   ( -8.200000 -8.000000 -7.800000 -7.600000 -7.400000 -7.200000 -7.000000 -6.800000 -6.600000 -6.400000 -6.200000 -6.000000 -5.800000 -5.600000 -5.400000 -5.200000 -5.000000 -4.800000 -4.600000 -4.400000 -4.200000 -4.000000 -3.800000 )
BLER    =   ( 0.998004 0.999002 0.987026 0.986028 0.977046 0.957086 0.944112 0.884232 0.829341 0.747505 0.646707 0.586826 0.479042 0.392216 0.239521 0.177645 0.143403 0.079031 0.048371 0.027783 0.013425 0.008373 0.003462 )

KEY    =   (  MCS =  2   TBS = 144  )
SINR  =   ( -7.200000 -7.000000 -6.800000 -6.600000 -6.400000 -6.200000 -6.000000 -5.800000 -5.600000 -5.400000 -5.200000 -5.000000 -4.800000 -4.600000 -4.400000 -4.200000 -4.000000 -3.800000 -3.600000 -3.400000 -3.200000 -3.000000 -2.800000 -2.600000 -2.400000 -2.200000 -2.000000 )
BLER    =   ( 1.000000 1.000000 1.000000 1.000000 1.000000 1.000000 1.000000 1.000000 0.999002 1.000000 0.996008 0.981038 0.966068 0.933134 0.885230 0.804391 0.685629 0.575848 0.421158 0.320359 0.204591 0.109649 0.070389 0.034499 0.015973 0.008235 0.003408 )

KEY    =   (  MCS =  3   TBS = 176  )
SINR  =   ( -6.200000 -6.000000 -5.800000 -5.600000 -5.400000 -5.200000 -5.000000 -4.800000 -4.600000 -4.400000 -4.200000 -4.000000 -3.800000 -3.600000 -3.400000 -3.200000 -3.000000 -2.800000 -2.600000 -2.400000 -2.200000 -2.000000 -1.800000 -1.600000 -1.400000 -1.200000 )
BLER    =   ( 1.000000 1.000000 1.000000 1.000000 1.000000 1.000000 1.000000 1.000000 1.000000 1.000000 0.990020 0.983034 0.963074 0.931138 0.858283 0.763473 0.654691 0.486028 0.357285 0.255489 0.151697 0.084698 0.039672 0.015181 0.007676 0.002963 )

KEY    =   (  MCS =  4   TBS = 208  )
SINR  =   ( -5.000000 -4.800000 -4.600000 -4.400000 -4.200000 -4.000000 -3.800000 -3.600000 -3.400000 -3.200000 -3.000000 -2.800000 -2.600000 -2.400000 -2.200000 -2.000000 -1.800000 -1.600000 -1.400000 -1.200000 -1.000000 -0.800000 )
BLER    =   ( 1.000000 1.000000 1.000000 1.000000 1.000000 1.000000 1.000000 0.997006 0.992016 0.987026 0.964072 0.912176 0.834331 0.749501 0.544910 0.396208 0.262475 0.160679 0.076531 0.040827 0.017251 0.005212 )

KEY    =   (  MCS =  5   TBS = 224  )
SINR  =   ( -4.000000 -3.800000 -3.600000 -3.400000 -3.200000 -3.000000 -2.800000 -2.600000 -2.400000 -2.200000 -2.000000 -1.800000 -1.600000 -1.400000 -1.200000 -1.000000 -0.800000 -0.600000 )
BLER    =   ( 1.000000 1.000000 1.000000 0.999002 0.996008 0.992016 0.978044 0.945110 0.877246 0.776447 0.625749 0.475050 0.284431 0.193613 0.094280 0.045816 0.021419 0.006430 )

KEY    =   (  MCS =  6   TBS = 256  )
SINR  =   ( -2.800000 -2.600000 -2.400000 -2.200000 -2.000000 -1.800000 -1.600000 -1.400000 -1.200000 -1.000000 -0.800000 -0.600000 -0.400000 -0.200000 0.000000 )
BLER    =   ( 0.999002 1.000000 0.997006 0.988024 0.963074 0.916168 0.824351 0.659681 0.520958 0.338323 0.209581 0.098555 0.042457 0.018706 0.005461 )

KEY    =   (  MCS =  7   TBS = 328  )
SINR  =   ( -1.600000 -1.400000 -1.200000 -1.000000 -0.800000 -0.600000 -0.400000 -0.200000 0.000000 0.200000 0.400000 0.600000 0.800000 1.000000 1.200000 1.400000 )
BLER    =   ( 1.000000 1.000000 1.000000 1.000000 0.997006 0.985030 0.951098 0.888224 0.747505 0.572854 0.346307 0.196607 0.113208 0.038023 0.015623 0.004145 )

KEY    =   (  MCS =  8   TBS = 392  )
SINR  =   ( -0.600000 -0.400000 -0.200000 0.000000 0.200000 0.400000 0.600000 0.800000 1.000000 1.200000 1.400000 1.600000 1.800000 2.000000 2.200000 2.400000 2.600000 )
BLER    =   ( 1.000000 1.000000 1.000000 1.000000 1.000000 0.999002 0.985030 0.937126 0.872255 0.712575 0.501996 0.270459 0.154691 0.069606 0.020167 0.007421 0.001711 )

KEY    =   (  MCS =  9   TBS = 456  )
SINR  =   ( 0.800000 1.000000 1.200000 1.400000 1.600000 1.800000 2.000000 2.200000 2.400000 2.600000 2.800000 3.000000 3.200000 3.400000 3.600000 )
BLER    =   ( 1.000000 1.000000 1.000000 0.998004 0.998004 0.982036 0.929142 0.821357 0.621756 0.411178 0.234531 0.101971 0.039103 0.012965 0.003940 )

KEY    =   (  MCS =  10   TBS = 456  )
SINR  =   ( 1.200000 1.400000 1.600000 1.800000 2.000000 2.200000 2.400000 2.600000 2.800000 3.000000 3.200000 3.400000 3.600000 3.800000 4.000000 )
BLER    =   ( 1.000000 1.000000 1.000000 1.000000 0.999002 0.998004 0.982036 0.931138 0.794411 0.563872 0.385230 0.168663 0.069573 0.022147 0.006139 )

KEY    =   (  MCS =  11   TBS = 504  )
SINR  =   ( 1.800000 2.000000 2.200000 2.400000 2.600000 2.800000 3.000000 3.200000 3.400000 3.600000 3.800000 4.000000 4.200000 4.400000 4.600000 )
BLER    =   ( 1.000000 1.000000 1.000000 1.000000 0.999002 0.995010 0.972056 0.893214 0.717565 0.468064 0.261477 0.095117 0.031632 0.008706 0.001881 )

KEY    =   (  MCS =  12   TBS = 584  )
SINR  =   ( 3.200000 3.400000 3.600000 3.800000 4.000000 4.200000 4.400000 4.600000 4.800000 5.000000 5.200000 5.400000 5.600000 )
BLER    =   ( 1.000000 1.000000 1.000000 0.999002 0.989022 0.930140 0.792415 0.579840 0.324351 0.156687 0.046656 0.016017 0.004219 )

KEY    =   (  MCS =  13   TBS = 680  )
SINR  =   ( 4.200000 4.400000 4.600000 4.800000 5.000000 5.200000 5.400000 5.600000 5.800000 6.000000 6.200000 6.400000 6.600000 )
BLER    =   ( 1.000000 1.000000 1.000000 0.999002 0.996008 0.961078 0.878244 0.660679 0.413174 0.210579 0.068997 0.021154 0.004787 )

KEY    =   (  MCS =  14   TBS = 774  )
SINR  =   ( 5.000000 5.200000 5.400000 5.600000 5.800000 6.000000 6.200000 6.400000 6.600000 6.800000 7.000000 7.200000 )
BLER    =   ( 1.000000 1.000000 1.000000 0.995010 0.976048 0.941118 0.766467 0.542914 0.274451 0.112952 0.033415 0.006839 )

KEY    =   (  MCS =  15   TBS = 840  )
SINR  =   ( 6.000000 6.200000 6.400000 6.600000 6.800000 7.000000 7.200000 7.400000 7.600000 7.800000 8.000000 8.200000 8.400000 )
BLER    =   ( 1.000000 1.000000 1.000000 1.000000 0.995010 0.973054 0.854291 0.629741 0.374251 0.150699 0.056497 0.016641 0.003464 )

KEY    =   (  MCS =  16   TBS = 904  )
SINR  =   ( 6.800000 7.000000 7.200000 7.400000 7.600000 7.800000 8.000000 8.200000 8.400000 8.600000 8.800000 9.000000 9.200000 )
BLER    =   ( 1.000000 1.000000 1.000000 0.998004 0.985030 0.939122 0.781437 0.519960 0.279441 0.117371 0.040805 0.010919 0.002346 )

KEY    =   (  MCS =  17   TBS = 904  )
SINR  =   ( 7.600000 7.800000 8.000000 8.200000 8.400000 8.600000 8.800000 9.000000 9.200000 9.400000 9.600000 9.800000 )
BLER    =   ( 1.000000 1.000000 1.000000 1.000000 0.997006 0.984032 0.877246 0.640719 0.352295 0.118297 0.035511 0.005895 )

KEY    =   (  MCS =  18   TBS = 968  )
SINR  =   ( 8.000000 8.200000 8.400000 8.600000 8.800000 9.000000 9.200000 9.400000 9.600000 9.800000 10.000000 10.200000 10.400000 )
BLER    =   ( 1.000000 1.000000 1.000000 1.000000 0.999002 0.997006 0.954092 0.822355 0.564870 0.238523 0.081345 0.014127 0.002443 )

KEY    =   (  MCS =  19   TBS = 1064  )
SINR  =   ( 8.800000 9.000000 9.200000 9.400000 9.600000 9.800000 10.000000 10.200000 10.400000 10.600000 10.800000 11.000000 11.200000 11.400000 )
BLER    =   ( 1.000000 1.000000 1.000000 1.000000 1.000000 1.000000 0.999002 0.969062 0.824351 0.551896 0.230539 0.064655 0.013321 0.002577 )

KEY    =   (  MCS =  20   TBS = 1160  )
SINR  =   ( 10.000000 10.200000 10.400000 10.600000 10.800000 11.000000 11.200000 11.400000 11.600000 11.800000 12.000000 12.200000 )
BLER    =   ( 1.000000 1.000000 1.000000 1.000000 0.998004 0.966068 0.856287 0.540918 0.237525 0.090525 0.019196 0.002864 )

KEY    =   (  MCS =  21   TBS = 1288  )
SINR  =   ( 11.000000 11.200000 11.400000 11.600000 11.800000 12.000000 12.200000 12.400000 12.600000 12.800000 13.000000 13.200000 13.400000 )
BLER    =   ( 1.000000 1.000000 1.000000 1.000000 0.999002 0.998004 0.945110 0.770459 0.473054 0.175649 0.057648 0.013881 0.003565 )

KEY    =   (  MCS =  22   TBS = 1384  )
SINR  =   ( 11.800000 12.000000 12.200000 12.400000 12.600000 12.800000 13.000000 13.200000 13.400000 13.600000 13.800000 14.000000 14.200000 )
BLER    =   ( 1.000000 1.000000 1.000000 1.000000 0.998004 0.995010 0.966068 0.786427 0.519960 0.223553 0.089659 0.020419 0.004602 )

KEY    =   (  MCS =  23   TBS = 1480  )
SINR  =   ( 12.800000 13.000000 13.200000 13.400000 13.600000 13.800000 14.000000 14.200000 14.400000 14.600000 14.800000 15.000000 )
BLER    =   ( 1.000000 1.000000 1.000000 1.000000 0.995010 0.962076 0.844311 0.554890 0.262475 0.098619 0.027412 0.005663 )

KEY    =   (  MCS =  24   TBS = 1608  )
SINR  =   ( 13.600000 13.800000 14.000000 14.200000 14.400000 14.600000 14.800000 15.000000 15.200000 15.400000 15.600000 15.800000 16.000000 16.200000 )
BLER    =   ( 1.000000 1.000000 1.000000 1.000000 1.000000 0.997006 0.972056 0.847305 0.644711 0.372255 0.116369 0.039226 0.010570 0.002747 )

KEY    =   (  MCS =  25   TBS = 1736  )
SINR  =   ( 14.400000 14.600000 14.800000 15.000000 15.200000 15.400000 15.600000 15.800000 16.000000 16.200000 16.400000 16.600000 16.800000 17.000000 17.200000 17.400000 )
BLER    =   ( 1.000000 1.000000 1.000000 1.000000 1.000000 1.000000 1.000000 0.995010 0.965070 0.798403 0.544910 0.300399 0.102669 0.033171 0.007620 0.002040 )

KEY    =   (  MCS =  26   TBS = 1800  )
SINR  =   ( 15.200000 15.400000 15.600000 15.800000 16.000000 16.200000 16.400000 16.600000 16.800000 17.000000 17.200000 17.400000 17.600000 17.800000 )
BLER    =   ( 1.000000 1.000000 1.000000 1.000000 1.000000 0.997006 0.984032 0.928144 0.733533 0.441118 0.205589 0.062630 0.015393 0.005260 )

KEY    =   (  MCS =  27   TBS = 1864  )
SINR  =   ( 16.000000 16.200000 16.400000 16.600000 16.800000 17.000000 17.200000 17.400000 17.600000 17.800000 18.000000 18.200000 18.400000 )
BLER    =   ( 1.000000 1.000000 1.000000 1.000000 1.000000 0.995010 0.950100 0.800399 0.509980 0.225549 0.083333 0.027478 0.006788 )
----------------------------------------------------------------------------------

KEY    =   (  MCS =  0   TBS = 88  )
SINR  =   ( -9.000000 -8.800000 -8.600000 -8.400000 -8.200000 -8.000000 -7.800000 -7.600000 -7.400000 -7.200000 -7.000000 -6.800000 -6.600000 -6.400000 -6.200000 -6.000000 -5.800000 -5.600000 -5.400000 -5.200000   )
BLER    =   ( 0.996008 0.981038 0.975050 0.957086 0.907186 0.875250 0.807385 0.712575 0.624750 0.548902 0.429142 0.328343 0.225549 0.183633 0.097911 0.074405 0.037994 0.021368 0.012169 0.005541   )

KEY    =   (  MCS =  1   TBS = 144  )
SINR  =   ( -7.400000 -7.200000 -7.000000 -6.800000 -6.600000 -6.400000 -6.200000 -6.000000 -5.800000 -5.600000 -5.400000 -5.200000 -5.000000 -4.800000 -4.600000 -4.400000 -4.200000 -4.000000 -3.800000 -3.600000 -3.400000 )
BLER    =   ( 1.000000 1.000000 1.000000 0.998004 0.996008 0.987026 0.970060 0.933134 0.896208 0.826347 0.746507 0.618762 0.517964 0.386228 0.273453 0.140977 0.078740 0.042906 0.023441 0.011845 0.004484   )

KEY    =   (  MCS =  2   TBS = 176  )
SINR  =   ( -6.600000 -6.400000 -6.200000 -6.000000 -5.800000 -5.600000 -5.400000 -5.200000 -5.000000 -4.800000 -4.600000 -4.400000 -4.200000 -4.000000 -3.800000 -3.600000 -3.400000 -3.200000 -3.000000 -2.800000 -2.600000 )
BLER    =   ( 1.000000 1.000000 1.000000 1.000000 0.998004 0.999002 0.991018 0.981038 0.953094 0.909182 0.799401 0.705589 0.578842 0.401198 0.274451 0.184631 0.099206 0.049375 0.024446 0.009627 0.003708   )

KEY    =   (  MCS =  3   TBS = 208  )
SINR  =   ( -5.600000 -5.400000 -5.200000 -5.000000 -4.800000 -4.600000 -4.400000 -4.200000 -4.000000 -3.800000 -3.600000 -3.400000 -3.200000 -3.000000 -2.800000 -2.600000 -2.400000 -2.200000 -2.000000  )
BLER    =   ( 1.000000 1.000000 1.000000 1.000000 0.999002 0.996008 0.982036 0.960080 0.914172 0.828343 0.685629 0.537924 0.375250 0.257485 0.137112 0.079660 0.040258 0.015886 0.005245    )

KEY    =   (  MCS =  4   TBS = 256  )
SINR  =   ( -4.400000 -4.200000 -4.000000 -3.800000 -3.600000 -3.400000 -3.200000 -3.000000 -2.800000 -2.600000 -2.400000 -2.200000 -2.000000 -1.800000 -1.600000 -1.400000 -1.200000    )
BLER    =   ( 1.000000 1.000000 1.000000 1.000000 0.998004 0.987026 0.937126 0.885230 0.774451 0.625749 0.475050 0.319361 0.169661 0.102881 0.042747 0.018118 0.006762 )

KEY    =   (  MCS =  5   TBS = 328  )
SINR  =   ( -3.400000 -3.200000 -3.000000 -2.800000 -2.600000 -2.400000 -2.200000 -2.000000 -1.800000 -1.600000 -1.400000 -1.200000 -1.000000 -0.800000 -0.600000 -0.400000   )
BLER    =   ( 1.000000 1.000000 1.000000 1.000000 0.999002 0.994012 0.972056 0.926148 0.815369 0.662675 0.461078 0.278443 0.147929 0.058777 0.017975 0.006251    )

KEY    =   (  MCS =  6   TBS = 392  )
SINR  =   ( -2.200000 -2.000000 -1.800000 -1.600000 -1.400000 -1.200000 -1.000000 -0.800000 -0.600000 -0.400000 -0.200000 0.000000 0.200000 0.400000 0.600000    )
BLER    =   ( 1.000000 1.000000 1.000000 1.000000 0.996008 0.986028 0.958084 0.855289 0.699601 0.493014 0.298403 0.148221 0.060289 0.019979 0.005562  )

KEY    =   (  MCS =  7   TBS = 472  )
SINR  =   ( -1.200000 -1.000000 -0.800000 -0.600000 -0.400000 -0.200000 0.000000 0.200000 0.400000 0.600000 0.800000 1.000000 1.200000 1.400000 1.600000 1.800000  )
BLER    =   ( 1.000000 1.000000 1.000000 1.000000 1.000000 0.991018 0.983034 0.935130 0.807385 0.652695 0.418164 0.227545 0.081522 0.029098 0.007128 0.001896  )

KEY    =   (  MCS =  8   TBS = 536  )
SINR  =   ( -0.200000 0.000000 0.200000 0.400000 0.600000 0.800000 1.000000 1.200000 1.400000 1.600000 1.800000 2.000000 2.200000 2.400000 2.600000   )
BLER    =   ( 1.000000 1.000000 1.000000 1.000000 1.000000 0.998004 0.984032 0.923154 0.790419 0.575848 0.340319 0.151697 0.057318 0.016204 0.004071   )

KEY    =   (  MCS =  9   TBS = 616  )
SINR  =   ( 1.000000 1.200000 1.400000 1.600000 1.800000 2.000000 2.200000 2.400000 2.600000 2.800000 3.000000 3.200000 3.400000 3.600000 3.800000  )
BLER    =   ( 1.000000 1.000000 1.000000 1.000000 0.999002 0.989022 0.953094 0.851297 0.660679 0.402196 0.210579 0.084938 0.023288 0.007012 0.001670   )

KEY    =   (  MCS =  10   TBS = 616  )
SINR  =   ( 1.400000 1.600000 1.800000 2.000000 2.200000 2.400000 2.600000 2.800000 3.000000 3.200000 3.400000 3.600000 3.800000 4.000000  )
BLER    =   ( 1.000000 1.000000 1.000000 1.000000 1.000000 0.994012 0.972056 0.874251 0.652695 0.391218 0.166667 0.061983 0.012850 0.002865   )

KEY    =   (  MCS =  11   TBS = 680  )
SINR  =   ( 2.000000 2.200000 2.400000 2.600000 2.800000 3.000000 3.200000 3.400000 3.600000 3.800000 4.000000 4.200000 4.400000 4.600000 )
BLER    =   ( 1.000000 1.000000 1.000000 1.000000 1.000000 0.994012 0.970060 0.880240 0.656687 0.412176 0.148515 0.042064 0.010318 0.002045   )

KEY    =   (  MCS =  12   TBS = 776  )
SINR  =   ( 3.200000 3.400000 3.600000 3.800000 4.000000 4.200000 4.400000 4.600000 4.800000 5.000000 5.200000 5.400000 5.600000  )
BLER    =   ( 1.000000 1.000000 1.000000 0.999002 0.993014 0.953094 0.821357 0.531936 0.281437 0.109329 0.027563 0.007258 0.001473   )

KEY    =   (  MCS =  13   TBS = 904  )
SINR  =   ( 4.200000 4.400000 4.600000 4.800000 5.000000 5.200000 5.400000 5.600000 5.800000 6.000000 6.200000 6.400000 6.600000  )
BLER    =   ( 1.000000 1.000000 1.000000 1.000000 0.995010 0.970060 0.898204 0.647705 0.347305 0.149701 0.039599 0.008120 0.001441  )

KEY    =   (  MCS =  14   TBS = 1000  )
SINR  =   ( 5.000000 5.200000 5.400000 5.600000 5.800000 6.000000 6.200000 6.400000 6.600000 6.800000 7.000000 7.200000   )
BLER    =   ( 1.000000 1.000000 1.000000 1.000000 0.998004 0.973054 0.845309 0.606786 0.327345 0.113895 0.027372 0.006192  )

KEY    =   (  MCS =  15   TBS = 1128  )
SINR  =   ( 6.000000 6.200000 6.400000 6.600000 6.800000 7.000000 7.200000 7.400000 7.600000 7.800000 8.000000 8.200000 8.400000 )
BLER    =   ( 1.000000 1.000000 1.000000 1.000000 0.999002 0.996008 0.970060 0.823353 0.567864 0.283433 0.103306 0.021648 0.004232  )

KEY    =   (  MCS =  16   TBS = 1224  )
SINR  =   ( 6.800000 7.000000 7.200000 7.400000 7.600000 7.800000 8.000000 8.200000 8.400000 8.600000 8.800000 9.000000 9.200000 )
BLER    =   ( 1.000000 1.000000 1.000000 1.000000 1.000000 0.996008 0.968064 0.839321 0.611776 0.296407 0.130208 0.024162 0.006076 )

KEY    =   (  MCS =  17   TBS = 1224  )
SINR  =   ( 7.600000 7.800000 8.000000 8.200000 8.400000 8.600000 8.800000 9.000000 9.200000 9.400000 9.600000 9.800000 10.000000 )
BLER    =   ( 1.000000 1.000000 1.000000 1.000000 1.000000 1.000000 0.988024 0.929142 0.655689 0.305389 0.085960 0.013794 0.002115 )

KEY    =   (  MCS =  18   TBS = 1288  )
SINR  =   ( 8.000000 8.200000 8.400000 8.600000 8.800000 9.000000 9.200000 9.400000 9.600000 9.800000 10.000000 10.200000 10.400000  )
BLER    =   ( 1.000000 1.000000 1.000000 1.000000 1.000000 1.000000 0.997006 0.933134 0.701597 0.360279 0.094637 0.014767 0.002193 )

KEY    =   (  MCS =  19   TBS = 1416  )
SINR  =   ( 8.800000 9.000000 9.200000 9.400000 9.600000 9.800000 10.000000 10.200000 10.400000 10.600000 10.800000 11.000000 11.200000  )
BLER    =   ( 1.000000 1.000000 1.000000 1.000000 1.000000 1.000000 0.994012 0.953094 0.707585 0.395210 0.131810 0.023931 0.003336  )

KEY    =   (  MCS =  20   TBS = 1544  )
SINR  =   ( 10.000000 10.200000 10.400000 10.600000 10.800000 11.000000 11.200000 11.400000 11.600000 11.800000 12.000000  )
BLER    =   ( 1.000000 1.000000 1.000000 1.000000 0.999002 0.968064 0.793413 0.440120 0.147929 0.030858 0.003853 )

KEY    =   (  MCS =  21   TBS = 1736  )
SINR  =   ( 11.000000 11.200000 11.400000 11.600000 11.800000 12.000000 12.200000 12.400000 12.600000 12.800000 13.000000 13.200000 13.400000  )
BLER    =   ( 1.000000 1.000000 1.000000 1.000000 1.000000 1.000000 0.979042 0.885230 0.565868 0.240519 0.053821 0.010111 0.001465  )

KEY    =   (  MCS =  22   TBS = 1864  )
SINR  =   ( 11.800000 12.000000 12.200000 12.400000 12.600000 12.800000 13.000000 13.200000 13.400000 13.600000 13.800000 14.000000 14.200000  )
BLER    =   ( 1.000000 1.000000 1.000000 1.000000 1.000000 1.000000 0.994012 0.916168 0.689621 0.328343 0.118953 0.025287 0.003495 )

KEY    =   (  MCS =  23   TBS = 1992  )
SINR  =   ( 12.800000 13.000000 13.200000 13.400000 13.600000 13.800000 14.000000 14.200000 14.400000 14.600000 14.800000 15.000000  )
BLER    =   ( 1.000000 1.000000 1.000000 1.000000 0.999002 0.992016 0.928144 0.690619 0.359281 0.116550 0.033430 0.006727 )

KEY    =   (  MCS =  24   TBS = 2152  )
SINR  =   ( 13.600000 13.800000 14.000000 14.200000 14.400000 14.600000 14.800000 15.000000 15.200000 15.400000 15.600000 15.800000 16.000000  )
BLER    =   ( 1.000000 1.000000 1.000000 1.000000 1.000000 1.000000 0.994012 0.928144 0.718563 0.379242 0.125209 0.027840 0.005216 )

KEY    =   (  MCS =  25   TBS = 2280  )
SINR  =   ( 14.400000 14.600000 14.800000 15.000000 15.200000 15.400000 15.600000 15.800000 16.000000 16.200000 16.400000 16.600000 16.800000 )
BLER    =   ( 1.000000 1.000000 1.000000 1.000000 1.000000 1.000000 0.993014 0.914172 0.679641 0.340319 0.104239 0.024450 0.004383  )

KEY    =   (  MCS =  26   TBS = 2408  )
SINR  =   ( 15.200000 15.400000 15.600000 15.800000 16.000000 16.200000 16.400000 16.600000 16.800000 17.000000 17.200000 17.400000 17.600000  )
BLER    =   ( 1.000000 1.000000 1.000000 1.000000 1.000000 1.000000 0.999002 0.950100 0.738523 0.406188 0.145208 0.030346 0.006085  )

KEY    =   (  MCS =  27   TBS = 2536  )
SINR  =   ( 16.000000 16.200000 16.400000 16.600000 16.800000 17.000000 17.200000 17.400000 17.600000 17.800000 18.000000 18.200000 18.400000 18.600000 18.800000  )
BLER    =   ( 1.000000 1.000000 1.000000 1.000000 1.000000 1.000000 1.000000 0.997006 0.974052 0.826347 0.511976 0.243513 0.061551 0.011387 0.001917  )
----------------------------------------------------------------------------------

KEY    =   (  MCS =  0   TBS = 120  )
SINR  =   ( -8.000000 -7.800000 -7.600000 -7.400000 -7.200000 -7.000000 -6.800000 -6.600000 -6.400000 -6.200000 -6.000000 -5.800000 -5.600000 -5.400000 -5.200000 -5.000000    )
BLER    =   ( 0.964072 0.933134 0.904192 0.832335 0.771457 0.657685 0.499002 0.424152 0.297405 0.185629 0.125418 0.073674 0.052817 0.022365 0.011882 0.005150   )

KEY    =   (  MCS =  1   TBS = 176  )
SINR  =   ( -7.000000 -6.800000 -6.600000 -6.400000 -6.200000 -6.000000 -5.800000 -5.600000 -5.400000 -5.200000 -5.000000 -4.800000 -4.600000 -4.400000 -4.200000 -4.000000 -3.800000 -3.600000   )
BLER    =   ( 0.999002 1.000000 0.998004 0.991018 0.993014 0.942116 0.874251 0.791417 0.693613 0.552894 0.427146 0.314371 0.180639 0.102459 0.054230 0.023600 0.010584 0.004138    )

KEY    =   (  MCS =  2   TBS = 208  )
SINR  =   ( -6.000000 -5.800000 -5.600000 -5.400000 -5.200000 -5.000000 -4.800000 -4.600000 -4.400000 -4.200000 -4.000000 -3.800000 -3.600000 -3.400000 -3.200000 -3.000000 )
BLER    =   ( 1.000000 0.996008 0.991018 0.975050 0.950100 0.887226 0.819361 0.651697 0.517964 0.341317 0.243513 0.113208 0.063131 0.026455 0.010220 0.003423    )

KEY    =   (  MCS =  3   TBS = 256  )
SINR  =   ( -5.000000 -4.800000 -4.600000 -4.400000 -4.200000 -4.000000 -3.800000 -3.600000 -3.400000 -3.200000 -3.000000 -2.800000 -2.600000 -2.400000 -2.200000 )
BLER    =   ( 1.000000 0.998004 0.996008 0.986028 0.956088 0.902196 0.795409 0.655689 0.484032 0.328343 0.215569 0.112275 0.047244 0.017703 0.006857   )

KEY    =   (  MCS =  4   TBS = 328  )
SINR  =   ( -4.000000 -3.800000 -3.600000 -3.400000 -3.200000 -3.000000 -2.800000 -2.600000 -2.400000 -2.200000 -2.000000 -1.800000 -1.600000 -1.400000 -1.200000)
BLER    =   ( 1.000000 1.000000 1.000000 0.998004 0.976048 0.947106 0.876248 0.697605 0.539920 0.369261 0.210579 0.084602 0.040236 0.012757 0.004374    )

KEY    =   (  MCS =  5   TBS = 424  )
SINR  =   ( -3.000000 -2.800000 -2.600000 -2.400000 -2.200000 -2.000000 -1.800000 -1.600000 -1.400000 -1.200000 -1.000000 -0.800000 -0.600000 -0.400000 -0.200000   )
BLER    =   ( 1.000000 1.000000 1.000000 0.999002 0.996008 0.984032 0.942116 0.834331 0.651697 0.418164 0.236527 0.109810 0.039557 0.013379 0.002970   )

KEY    =   (  MCS =  6   TBS = 504  )
SINR  =   ( -2.000000 -1.800000 -1.600000 -1.400000 -1.200000 -1.000000 -0.800000 -0.600000 -0.400000 -0.200000 0.000000 0.200000 0.400000 0.600000 0.800000    )
BLER    =   ( 1.000000 1.000000 1.000000 1.000000 0.998004 0.994012 0.954092 0.856287 0.694611 0.472056 0.244511 0.097784 0.029166 0.008946 0.001974    )

KEY    =   (  MCS =  7   TBS = 584  )
SINR  =   ( -1.000000 -0.800000 -0.600000 -0.400000 -0.200000 0.000000 0.200000 0.400000 0.600000 0.800000 1.000000 1.200000 1.400000 1.600000  )
BLER    =   ( 1.000000 1.000000 1.000000 1.000000 0.999002 0.990020 0.957086 0.867265 0.683633 0.398204 0.173653 0.071429 0.017550 0.004207     )

KEY    =   (  MCS =  8   TBS = 680  )
SINR  =   ( 0.000000 0.200000 0.400000 0.600000 0.800000 1.000000 1.200000 1.400000 1.600000 1.800000 2.000000 2.200000 2.400000 2.600000   )
BLER    =   ( 1.000000 1.000000 1.000000 1.000000 1.000000 0.998004 0.966068 0.875250 0.667665 0.410180 0.211577 0.072324 0.019167 0.003768    )

KEY    =   (  MCS =  9   TBS = 776  )
SINR  =   ( 1.000000 1.200000 1.400000 1.600000 1.800000 2.000000 2.200000 2.400000 2.600000 2.800000 3.000000 3.200000 3.400000 3.600000  )
BLER    =   ( 1.000000 1.000000 1.000000 1.000000 1.000000 0.999002 0.980040 0.919162 0.702595 0.462076 0.216567 0.070028 0.020790 0.005078     )

KEY    =   (  MCS =  10   TBS = 776  )
SINR  =   ( 1.800000 2.000000 2.200000 2.400000 2.600000 2.800000 3.000000 3.200000 3.400000 3.600000 3.800000 4.000000    )
BLER    =   ( 1.000000 1.000000 1.000000 0.999002 0.982036 0.923154 0.747505 0.438124 0.170659 0.052743 0.009470 0.001393    )

KEY    =   (  MCS =  11   TBS = 872  )
SINR  =   ( 2.000000 2.200000 2.400000 2.600000 2.800000 3.000000 3.200000 3.400000 3.600000 3.800000 4.000000 4.200000 4.400000 4.600000  )
BLER    =   ( 1.000000 1.000000 1.000000 1.000000 1.000000 1.000000 0.993014 0.970060 0.850299 0.596806 0.318363 0.090307 0.019285 0.003319    )

KEY    =   (  MCS =  12   TBS = 1000  )
SINR  =   ( 3.200000 3.400000 3.600000 3.800000 4.000000 4.200000 4.400000 4.600000 4.800000 5.000000 5.200000 5.400000 5.600000  )
BLER    =   ( 1.000000 1.000000 1.000000 1.000000 1.000000 0.999002 0.971058 0.817365 0.556886 0.235529 0.069995 0.016017 0.002777   )

KEY    =   (  MCS =  13   TBS = 1128  )
SINR  =   ( 4.600000 4.800000 5.000000 5.200000 5.400000 5.600000 5.800000 6.000000 6.200000 6.400000  )
BLER    =   ( 1.000000 1.000000 1.000000 0.994012 0.941118 0.748503 0.412176 0.144370 0.040442 0.006344   )

KEY    =   (  MCS =  14   TBS = 1256  )
SINR  =   ( 5.200000 5.400000 5.600000 5.800000 6.000000 6.200000 6.400000 6.600000 6.800000 7.000000 7.200000   )
BLER    =   ( 1.000000 1.000000 1.000000 1.000000 0.997006 0.940120 0.804391 0.463074 0.169661 0.041794 0.006201  )

KEY    =   (  MCS =  15   TBS = 1416  )
SINR  =   ( 6.200000 6.400000 6.600000 6.800000 7.000000 7.200000 7.400000 7.600000 7.800000 8.000000 8.200000 8.400000  )
BLER    =   ( 1.000000 1.000000 1.000000 1.000000 0.999002 0.985030 0.882236 0.596806 0.250499 0.075113 0.013669 0.002160  )

KEY    =   (  MCS =  16   TBS = 1544  )
SINR  =   ( 7.000000 7.200000 7.400000 7.600000 7.800000 8.000000 8.200000 8.400000 8.600000 8.800000 9.000000 9.200000)
BLER    =   ( 1.000000 1.000000 1.000000 1.000000 1.000000 0.989022 0.921158 0.686627 0.357285 0.116822 0.027691 0.004415 )

KEY    =   (  MCS =  17   TBS = 1544  )
SINR  =   ( 7.800000 8.000000 8.200000 8.400000 8.600000 8.800000 9.000000 9.200000 9.400000 9.600000 9.800000 )
BLER    =   ( 1.000000 1.000000 1.000000 1.000000 1.000000 0.997006 0.945110 0.704591 0.311377 0.053957 0.006596 )

KEY    =   (  MCS =  18   TBS = 1608  )
SINR  =   ( 8.200000 8.400000 8.600000 8.800000 9.000000 9.200000 9.400000 9.600000 9.800000 10.000000 10.200000 10.400000  )
BLER    =   ( 1.000000 1.000000 1.000000 1.000000 1.000000 0.996008 0.929142 0.686627 0.288423 0.066785 0.009984 0.001022 )

KEY    =   (  MCS =  19   TBS = 1800  )
SINR  =   ( 9.000000 9.200000 9.400000 9.600000 9.800000 10.000000 10.200000 10.400000 10.600000 10.800000 11.000000 11.200000 )
BLER    =   ( 1.000000 1.000000 1.000000 1.000000 1.000000 0.999002 0.997006 0.916168 0.587824 0.206587 0.039788 0.003470 )

KEY    =   (  MCS =  20   TBS = 1922  )
SINR  =   ( 10.400000 10.600000 10.800000 11.000000 11.200000 11.400000 11.600000 11.800000 12.000000 12.200000 12.400000 )
BLER    =   ( 1.000000 1.000000 1.000000 0.999002 0.997006 0.927146 0.623752 0.266467 0.051300 0.008217 0.001214 )

KEY    =   (  MCS =  21   TBS = 2152  )
SINR  =   ( 11.400000 11.600000 11.800000 12.000000 12.200000 12.400000 12.600000 12.800000 13.000000 13.200000 )
BLER    =   ( 1.000000 1.000000 1.000000 0.999002 0.952096 0.727545 0.319361 0.070225 0.011201 0.001101  )

KEY    =   (  MCS =  22   TBS = 2344  )
SINR  =   ( 12.200000 12.400000 12.600000 12.800000 13.000000 13.200000 13.400000 13.600000 13.800000 14.000000 14.200000 )
BLER    =   ( 1.000000 1.000000 1.000000 1.000000 0.996008 0.951098 0.748503 0.370259 0.112613 0.017331 0.002470  )

KEY    =   (  MCS =  23   TBS = 2472  )
SINR  =   ( 13.600000 13.800000 14.000000 14.200000 14.400000 14.600000 14.800000 )
BLER    =   ( 0.999002 0.979042 0.827345 0.459082 0.133452 0.032147 0.005336  )

KEY    =   (  MCS =  24   TBS = 2664  )
SINR  =   ( 14.000000 14.200000 14.400000 14.600000 14.800000 15.000000 15.200000 15.400000 15.600000 15.800000  )
BLER    =   ( 1.000000 1.000000 1.000000 0.998004 0.964072 0.795409 0.403194 0.134529 0.023663 0.004765  )

KEY    =   (  MCS =  25   TBS = 2856  )
SINR  =   ( 14.800000 15.000000 15.200000 15.400000 15.600000 15.800000 16.000000 16.200000 16.400000 16.600000 16.800000  )
BLER    =   ( 1.000000 1.000000 1.000000 1.000000 0.999002 0.948104 0.717565 0.355289 0.115830 0.022880 0.003623 )

KEY    =   (  MCS =  26   TBS = 2984  )
SINR  =   ( 15.600000 15.800000 16.000000 16.200000 16.400000 16.600000 16.800000 17.000000 17.200000 17.400000 )
BLER    =   ( 1.000000 1.000000 1.000000 1.000000 0.982036 0.834331 0.477046 0.157685 0.027164 0.004346  )

KEY    =   (  MCS =  27   TBS = 3112  )
SINR  =   ( 16.400000 16.600000 16.800000 17.000000 17.200000 17.400000 17.600000 17.800000 18.000000 18.200000  )
BLER    =   ( 1.000000 1.000000 1.000000 0.998004 0.973054 0.804391 0.413174 0.142721 0.023080 0.004674 )
----------------------------------------------------------------------------------

KEY    =   ( MCS = 0   TBS = 256 )
SINR  =   ( -8.000000 -7.800000 -7.600000 -7.400000 -7.200000 -7.000000 -6.800000 -6.600000 -6.400000 -6.200000 -6.000000 -5.800000 -5.600000 -5.400000 -5.200000  )
BLER    =   ( 1.000000 0.998004 0.989022 0.975050 0.928144 0.835329 0.747505 0.572854 0.387226 0.260479 0.120870 0.065588 0.026233 0.010104 0.003459  )

KEY    =   ( MCS = 1   TBS = 344 )
SINR  =   ( -7.000000 -6.800000 -6.600000 -6.400000 -6.200000 -6.000000 -5.800000 -5.600000 -5.400000 -5.200000 -5.000000 -4.800000 -4.600000 -4.400000 -4.200000 -4.000000  )
BLER    =   ( 1.000000 1.000000 1.000000 0.999002 0.997006 0.978044 0.921158 0.828343 0.698603 0.500998 0.286427 0.150699 0.074516 0.029958 0.007551 0.002070  )

KEY    =   ( MCS = 2   TBS = 424 )
SINR  =   ( -6.000000 -5.800000 -5.600000 -5.400000 -5.200000 -5.000000 -4.800000 -4.600000 -4.400000 -4.200000 -4.000000 -3.800000 -3.600000 -3.400000 -3.200000  )
BLER    =   ( 1.000000 1.000000 0.999002 0.999002 0.996008 0.978044 0.922156 0.778443 0.583832 0.371257 0.195609 0.076104 0.025884 0.007521 0.001754  )

KEY    =   ( MCS = 3   TBS = 568 )
SINR  =   ( -5.000000 -4.800000 -4.600000 -4.400000 -4.200000 -4.000000 -3.800000 -3.600000 -3.400000 -3.200000 -3.000000 -2.800000 -2.600000 -2.400000 -2.200000 -2.000000  )
BLER    =   ( 1.000000 1.000000 1.000000 1.000000 1.000000 1.000000 0.999002 0.993014 0.947106 0.826347 0.621756 0.381238 0.165669 0.063694 0.019265 0.003955  )

KEY    =   ( MCS = 4   TBS = 696 )
SINR  =   ( -4.000000 -3.800000 -3.600000 -3.400000 -3.200000 -3.000000 -2.800000 -2.600000 -2.400000 -2.200000 -2.000000 -1.800000 -1.600000 -1.400000 -1.200000  )
BLER    =   ( 1.000000 1.000000 1.000000 1.000000 1.000000 0.999002 0.996008 0.970060 0.883234 0.654691 0.381238 0.179641 0.052687 0.011006 0.002136  )

KEY    =   ( MCS = 5   TBS = 872 )
SINR  =   ( -3.000000 -2.800000 -2.600000 -2.400000 -2.200000 -2.000000 -1.800000 -1.600000 -1.400000 -1.200000 -1.000000 -0.800000 -0.600000 -0.400000  )
BLER    =   ( 1.000000 1.000000 1.000000 1.000000 1.000000 1.000000 0.998004 0.988024 0.929142 0.745509 0.452096 0.155689 0.038590 0.006356  )

KEY    =   ( MCS = 6   TBS = 1032 )
SINR  =   ( -2.000000 -1.800000 -1.600000 -1.400000 -1.200000 -1.000000 -0.800000 -0.600000 -0.400000 -0.200000 0.000000 0.200000 0.400000 0.600000 0.800000  )
BLER    =   ( 1.000000 1.000000 1.000000 1.000000 1.000000 1.000000 0.999002 0.999002 0.976048 0.830339 0.545908 0.231537 0.058571 0.009435 0.001269  )

KEY    =   ( MCS = 7   TBS = 1224 )
SINR  =   ( -1.000000 -0.800000 -0.600000 -0.400000 -0.200000 0.000000 0.200000 0.400000 0.600000 0.800000 1.000000 1.200000 1.400000 1.600000 1.800000  )
BLER    =   ( 1.000000 1.000000 1.000000 1.000000 1.000000 1.000000 1.000000 0.999002 0.986028 0.889222 0.579840 0.245509 0.066905 0.008348 0.000663  )

KEY    =   ( MCS = 8   TBS = 1384 )
SINR  =   ( 0.000000 0.200000 0.400000 0.600000 0.800000 1.000000 1.200000 1.400000 1.600000 1.800000 2.000000 2.200000 2.400000 2.600000  )
BLER    =   ( 1.000000 1.000000 1.000000 1.000000 1.000000 1.000000 1.000000 0.996008 0.942116 0.723553 0.312375 0.084507 0.012379 0.000875  )

KEY    =   ( MCS = 9   TBS = 1544 )
SINR  =   ( 1.000000 1.200000 1.400000 1.600000 1.800000 2.000000 2.200000 2.400000 2.600000 2.800000 3.000000 3.200000 3.400000  )
BLER    =   ( 1.000000 1.000000 1.000000 1.000000 1.000000 1.000000 0.999002 0.959082 0.776447 0.438124 0.129870 0.021171 0.003200  )

KEY    =   ( MCS = 10   TBS = 1544 )
SINR  =   ( 1.800000 2.000000 2.200000 2.400000 2.600000 2.800000 3.000000 3.200000 3.400000 3.600000 3.800000  )
BLER    =   ( 1.000000 1.000000 1.000000 1.000000 0.998004 0.981038 0.808383 0.431138 0.109890 0.010407 0.000906  )

KEY    =   ( MCS = 11   TBS = 1736 )
SINR  =   ( 2.000000 2.200000 2.400000 2.600000 2.800000 3.000000 3.200000 3.400000 3.600000 3.800000 4.000000 4.200000 4.400000  )
BLER    =   ( 1.000000 1.000000 1.000000 1.000000 1.000000 1.000000 0.999002 0.995010 0.935130 0.614770 0.226547 0.030675 0.001739  )

KEY    =   ( MCS = 12   TBS = 2024 )
SINR  =   ( 3.200000 3.400000 3.600000 3.800000 4.000000 4.200000 4.400000 4.600000 4.800000 5.000000 5.200000 5.400000  )
BLER    =   ( 1.000000 1.000000 1.000000 1.000000 1.000000 1.000000 0.999002 0.977046 0.752495 0.277445 0.045045 0.003660  )

KEY    =   ( MCS = 13   TBS = 2280 )
SINR  =   ( 4.600000 4.800000 5.000000 5.200000 5.400000 5.600000 5.800000 6.000000 6.200000 6.400000  )
BLER    =   ( 1.000000 1.000000 1.000000 1.000000 0.989022 0.826347 0.403194 0.069865 0.007022 0.000237  )

KEY    =   ( MCS = 14   TBS = 2536 )
SINR  =   ( 5.200000 5.400000 5.600000 5.800000 6.000000 6.200000 6.400000 6.600000 6.800000 7.000000  )
BLER    =   ( 1.000000 1.000000 1.000000 1.000000 1.000000 0.994012 0.869261 0.437126 0.093226 0.006476  )

KEY    =   ( MCS = 15   TBS = 2856 )
SINR  =   ( 6.200000 6.400000 6.600000 6.800000 7.000000 7.200000 7.400000 7.600000 7.800000 8.000000 8.200000  )
BLER    =   ( 1.000000 1.000000 1.000000 1.000000 1.000000 0.997006 0.948104 0.630739 0.194611 0.021106 0.001177  )

KEY    =   ( MCS = 16   TBS = 3112 )
SINR  =   ( 7.000000 7.200000 7.400000 7.600000 7.800000 8.000000 8.200000 8.400000 8.600000 8.800000 9.000000  )
BLER    =   ( 1.000000 1.000000 1.000000 1.000000 1.000000 0.999002 0.974052 0.761477 0.313373 0.055991 0.005035  )

KEY    =   ( MCS = 17   TBS = 3112 )
SINR  =   ( 7.800000 8.000000 8.200000 8.400000 8.600000 8.800000 9.000000 9.200000 9.400000 9.600000 9.800000  )
BLER    =   ( 1.000000 1.000000 1.000000 1.000000 1.000000 1.000000 0.996008 0.791417 0.283433 0.026119 0.000495  )

KEY    =   ( MCS = 18   TBS = 3240 )
SINR  =   ( 8.200000 8.400000 8.600000 8.800000 9.000000 9.200000 9.400000 9.600000 9.800000 10.000000 10.200000  )
BLER    =   ( 1.000000 1.000000 1.000000 1.000000 1.000000 1.000000 0.977046 0.699601 0.155689 0.008015 0.000157  )

KEY    =   ( MCS = 19   TBS = 3624 )
SINR  =   ( 9.000000 9.200000 9.400000 9.600000 9.800000 10.000000 10.200000 10.400000 10.600000 10.800000 11.000000 11.200000  )
BLER    =   ( 1.000000 1.000000 1.000000 1.000000 1.000000 1.000000 1.000000 0.987026 0.748503 0.200599 0.017670 0.000556  )

KEY    =   ( MCS = 20   TBS = 4008 )
SINR  =   ( 10.000000 10.200000 10.400000 10.600000 10.800000 11.000000 11.200000 11.400000 11.600000 11.800000 12.000000  )
BLER    =   ( 1.000000 1.000000 1.000000 1.000000 1.000000 1.000000 1.000000 0.968064 0.643713 0.121359 0.006908  )

KEY    =   ( MCS = 21   TBS = 4264 )
SINR  =   ( 11.000000 11.200000 11.400000 11.600000 11.800000 12.000000 12.200000 12.400000 12.600000 12.800000  )
BLER    =   ( 1.000000 1.000000 1.000000 1.000000 1.000000 0.992016 0.816367 0.283433 0.028785 0.000786  )

KEY    =   ( MCS = 22   TBS = 4584 )
SINR  =   ( 11.800000 12.000000 12.200000 12.400000 12.600000 12.800000 13.000000 13.200000 13.400000 13.600000  )
BLER    =   ( 1.000000 1.000000 1.000000 1.000000 1.000000 0.999002 0.938124 0.527944 0.103663 0.006306  )

KEY    =   ( MCS = 23   TBS = 4968 )
SINR  =   ( 13.200000 13.400000 13.600000 13.800000 14.000000 14.200000 14.400000 14.600000  )
BLER    =   ( 1.000000 1.000000 1.000000 0.996008 0.870259 0.416168 0.065992 0.003220  )

KEY    =   ( MCS = 24   TBS = 5352 )
SINR  =   ( 13.600000 13.800000 14.000000 14.200000 14.400000 14.600000 14.800000 15.000000 15.200000 15.400000 15.600000  )
BLER    =   ( 1.000000 1.000000 1.000000 1.000000 1.000000 1.000000 0.993014 0.892216 0.428144 0.078699 0.004912  )

KEY    =   ( MCS = 25   TBS = 5736 )
SINR  =   ( 14.400000 14.600000 14.800000 15.000000 15.200000 15.400000 15.600000 15.800000 16.000000 16.200000 16.400000 16.600000  )
BLER    =   ( 1.000000 1.000000 1.000000 1.000000 1.000000 1.000000 1.000000 0.990020 0.809381 0.298403 0.043796 0.003096  )

KEY    =   ( MCS = 26   TBS = 5992 )
SINR  =   ( 15.200000 15.400000 15.600000 15.800000 16.000000 16.200000 16.400000 16.600000 16.800000 17.000000 17.200000 17.400000  )
BLER    =   ( 1.000000 1.000000 1.000000 1.000000 1.000000 1.000000 0.998004 0.929142 0.524950 0.105116 0.007015 0.001008  )

KEY    =   ( MCS = 27   TBS = 6200 )
SINR  =   ( 16.000000 16.200000 16.400000 16.600000 16.800000 17.000000 17.200000 17.400000 17.600000 17.800000 18.000000 18.200000 18.400000  )
BLER    =   ( 1.000000 1.000000 1.000000 1.000000 1.000000 1.000000 1.000000 0.951098 0.661677 0.236527 0.055949 0.009386 0.001963  )
----------------------------------------------------------------------------------