KEY   = ( MCS = 0   TBS = 40 )
SINR = ( -7.4 -7.2 -7 -6.8 -6.6 -6.4 -6.2 -6 -5.8 -5.6 -5.4 -5.2 -5 -4.8 -4.6 -4.4 -4.2 -4 -3.8 -3.6 -3.4 -3.2 -3 -2.8 -2.6 -2.4 -2.2 )
BLER = ( 1 0.9925 0.977 0.967 0.9515 0.929 0.8991 0.8516 0.7506 0.6762 0.5957 0.5217 0.4488 0.3628 0.2679 0.2129 0.1469 0.1104 0.0755 0.0504 0.0304 0.0165 0.0108 0.0051 0.0025 0.0005 )

KEY   = ( MCS = 1   TBS = 40 )
SINR = ( -6.2 -6 -5.8 -5.6 -5.4 -5.2 -5 -4.8 -4.6 -4.4 -4.2 -4 -3.8 -3.6 -3.4 -3.2 -3 -2.8 -2.6 -2.4 -2.2 -2 -1.8 -1.6 -1.4 -1.2 -1 )
BLER = ( 1 0.9875 0.9825 0.977 0.961 0.931 0.9015 0.8626 0.8351 0.7626 0.6887 0.6257 0.5282 0.4593 0.3988 0.3188 0.2564 0.1874 0.1359 0.0905 0.0510 0.0427 0.0278 0.014 0.0081 0.0037 0.0025 )

KEY   = ( MCS = 2   TBS = 40 )
SINR = ( -5.2 -5 -4.8 -4.6 -4.4 -4.2 -4 -3.8 -3.6 -3.4 -3.2 -3 -2.8 -2.6 -2.4 -2.2 -2 -1.8 -1.6 -1.4 -1.2 -1 -0.8 -0.6 -0.4 -0.2 0 )
BLER = ( 1 0.9935 0.9835 0.9785 0.963 0.942 0.917 0.8866 0.8466 0.7876 0.7111 0.6612 0.5967 0.4793 0.4073 0.2989 0.2589 0.1989 0.1459 0.1004 0.081 0.052 0.032 0.0198 0.0132 0.0073 0.0036 )

KEY   = ( MCS = 3   TBS = 40 )
SINR = ( -4 -3.8 -3.6 -3.4 -3.2 -3 -2.8 -2.6 -2.4 -2.2 -2 -1.8 -1.6 -1.4 -1.2 -1 -0.8 -0.6 -0.4 -0.2 0 0.2 0.4 0.6 0.8 1 )
BLER = ( 1 0.996 0.9895 0.9765 0.965 0.9505 0.929 0.904 0.8566 0.8211 0.7561 0.6652 0.5907 0.5132 0.4398 0.3673 0.2949 0.2244 0.1729 0.1154 0.087 0.0503 0.0338 0.0229 0.0122 0.0064 )

KEY   = ( MCS = 4   TBS = 40 )
SINR = ( -2.6 -2.4 -2.2 -2 -1.8 -1.6 -1.4 -1.2 -1 -0.8 -0.6 -0.4 -0.2 0 0.2 0.4 0.6 0.8 1 1.2 1.4 1.6 1.8 2 2.2 2.4 )
BLER = ( 1 0.996 0.9865 0.9785 0.9645 0.9445 0.9155 0.8816 0.8551 0.7801 0.7271 0.6512 0.5827 0.4868 0.4093 0.3223 0.2509 0.2004 0.1424 0.1029 0.0695 0.0528 0.0276 0.0197 0.0104 0.006 )

KEY   = ( MCS = 5   TBS = 40 )
SINR = ( -0.8 -0.6 -0.4 -0.2 0 0.2 0.4 0.6 0.8 1 1.2 1.4 1.6 1.8 2 2.2 2.4 2.6 2.8 3 3.2 3.4 3.6 )
BLER = ( 1 0.95 0.9415 0.9125 0.8726 0.8121 0.7581 0.7006 0.6192 0.5552 0.4718 0.3888 0.3148 0.2359 0.1899 0.1469 0.1049 0.0695 0.0392 0.0254 0.0202 0.0106 0.0083 )

KEY   = ( MCS = 6   TBS = 40 )
SINR = ( 0.4 0.6 0.8 1 1.2 1.4 1.6 1.8 2 2.2 2.4 2.6 2.8 3 3.2 3.4 3.6 3.8 4 4.2 4.4 4.6 4.8 )
BLER = ( 1 0.9425 0.9275 0.8996 0.8431 0.7896 0.7326 0.6397 0.5932 0.5132 0.4198 0.3628 0.2929 0.2249 0.1469 0.1114 0.092 0.059 0.0372 0.0246 0.016 0.0102 0.0052 )

KEY   = ( MCS = 7   TBS = 40 )
SINR = ( 1.6 1.8 2 2.2 2.4 2.6 2.8 3 3.2 3.4 3.6 3.8 4 4.2 4.4 4.6 4.8 5 5.2 5.4 5.6 5.8 )
BLER = ( 1 0.948 0.9095 0.8641 0.8341 0.7681 0.7201 0.6742 0.5842 0.5027 0.3963 0.3528 0.2774 0.2059 0.1739 0.1239 0.088 0.0575 0.0443 0.0293 0.0166 0.0083 )

KEY   = ( MCS = 8   TBS = 40 )
SINR = ( 3 3.2 3.4 3.6 3.8 4 4.2 4.4 4.6 4.8 5 5.2 5.4 5.6 5.8 6 6.2 6.4 6.6 6.8 7 7.2 7.4 7.6 )
BLER = ( 1 0.938 0.9055 0.8886 0.8266 0.7821 0.7136 0.6497 0.5687 0.5077 0.4313 0.3758 0.2854 0.2374 0.1914 0.1529 0.1084 0.088 0.056 0.0398 0.0275 0.018 0.0119 0.0064 )

KEY   = ( MCS = 9   TBS = 40 )
SINR = ( 0 100.0 )
BLER = ( 1 1.0 )

KEY   = ( MCS = 10  TBS = 40 )
SINR = ( 4 4.2 4.4 4.6 4.8 5 5.2 5.4 5.6 5.8 6 6.2 6.4 6.6 6.8 7 7.2 7.4 7.6 7.8 8 8.2 8.4 )
BLER = ( 1 0.928 0.8811 0.8246 0.7776 0.7121 0.6477 0.5792 0.5017 0.4098 0.3123 0.2654 0.2184 0.1539 0.1199 0.091 0.069 0.0403 0.0291 0.0188 0.012 0.0065 0.0046 )

KEY   = ( MCS = 11  TBS = 40 )
SINR = ( 4.4 4.6 4.8 5 5.2 5.4 5.6 5.8 6 6.2 6.4 6.6 6.8 7 7.2 7.4 7.6 7.8 8 8.2 8.4 8.6 8.8 9 )
BLER = ( 1 0.9575 0.93 0.8981 0.8781 0.8011 0.7611 0.6927 0.6222 0.5497 0.4733 0.3943 0.3348 0.2674 0.2129 0.1744 0.1359 0.089 0.0675 0.0471 0.031 0.0195 0.0121 0.0085 )

KEY   = ( MCS = 12  TBS = 40 )
SINR = ( 5.4 5.6 5.8 6 6.2 6.4 6.6 6.8 7 7.2 7.4 7.6 7.8 8 8.2 8.4 8.6 8.8 9 9.2 9.4 9.6 9.8 10 10.2 )
BLER = ( 1 0.9645 0.934 0.9025 0.8691 0.8231 0.7676 0.7036 0.6467 0.5522 0.4938 0.4513 0.3518 0.2954 0.2514 0.1929 0.1489 0.1104 0.0725 0.0635 0.0406 0.0224 0.0193 0.0128 0.008 )

KEY   = ( MCS = 13  TBS = 40 )
SINR = ( 6.4 6.6 6.8 7 7.2 7.4 7.6 7.8 8 8.2 8.4 8.6 8.8 9 9.2 9.4 9.6 9.8 10 10.2 10.4 10.6 10.8 11 11.2 11.4 11.6 )
BLER = ( 1 0.9665 0.9485 0.936 0.8826 0.8586 0.8221 0.7411 0.6952 0.6432 0.5647 0.4923 0.4298 0.3603 0.3288 0.2444 0.1794 0.1524 0.1059 0.0875 0.0615 0.0428 0.0299 0.0173 0.0136 0.007 0.0052 )

KEY   = ( MCS = 14  TBS = 40 )
SINR = ( 7.6 7.8 8 8.2 8.4 8.6 8.8 9 9.2 9.4 9.6 9.8 10 10.2 10.4 10.6 10.8 11 11.2 11.4 11.6 11.8 12 12.2 12.4 )
BLER = ( 1 0.9535 0.924 0.8841 0.8436 0.8126 0.7381 0.6862 0.6197 0.5667 0.4863 0.4198 0.3663 0.3088 0.2449 0.2004 0.1399 0.1079 0.1029 0.0585 0.0443 0.0349 0.0184 0.0131 0.0084 )

KEY   = ( MCS = 15  TBS = 40 )
SINR = ( 9 9.2 9.4 9.6 9.8 10 10.2 10.4 10.6 10.8 11 11.2 11.4 11.6 11.8 12 12.2 12.4 12.6 12.8 13 13.2 13.4 13.6 13.8 14 14.2 )
BLER = ( 1 0.941 0.934 0.8916 0.8591 0.8151 0.7846 0.6947 0.6447 0.6012 0.5032 0.4403 0.3788 0.3148 0.2839 0.2334 0.1669 0.1394 0.1149 0.071 0.055 0.0446 0.0333 0.0175 0.015 0.0096 0.0058 )

KEY   = ( MCS = 16  TBS = 40 )
SINR = ( 10 15.2 )
BLER = ( 1.0 1 )

KEY   = ( MCS = 17  TBS = 40 )
SINR = ( 10.8 11 11.2 11.4 11.6 11.8 12 12.2 12.4 12.6 12.8 13 13.2 13.4 13.6 13.8 14 14.2 14.4 14.6 14.8 15 15.2 15.4 15.6 15.8 16 16.2 16.4 )
BLER = ( 1 0.9425 0.9135 0.8896 0.8221 0.7716 0.7296 0.6442 0.5897 0.5352 0.4673 0.4128 0.3208 0.2829 0.2389 0.1769 0.1464 0.1119 0.078 0.058 0.0462 0.03 0.021 0.015 0.011 0.0073 0.0033 0.0018 )

KEY   = ( MCS = 18  TBS = 40 )
SINR = ( 11.8 12 12.2 12.4 12.6 12.8 13 13.2 13.4 13.6 13.8 14 14.2 14.4 14.6 14.8 15 15.2 15.4 15.6 15.8 16 16.2 16.4 16.6 16.8 17 17.2 17.4 17.6 )
BLER = ( 1 0.9845 0.974 0.9445 0.9405 0.914 0.8741 0.8516 0.7876 0.7436 0.6572 0.6187 0.5777 0.5087 0.4318 0.3813 0.3118 0.2519 0.2239 0.1734 0.1429 0.1089 0.077 0.055 0.051 0.029 0.022 0.0183 0.0092 0.007 )

KEY   = ( MCS = 19  TBS = 40 )
SINR = ( 12.8 13 13.2 13.4 13.6 13.8 14 14.2 14.4 14.6 14.8 15 15.2 15.4 15.6 15.8 16 16.2 16.4 16.6 16.8 17 17.2 17.4 17.6 17.8 18 18.2 18.4 18.6 18.8 )
BLER = ( 1 0.981 0.975 0.9605 0.9335 0.9215 0.8891 0.8641 0.8031 0.7546 0.6962 0.6687 0.5842 0.5367 0.4753 0.4258 0.3433 0.3063 0.2664 0.2064 0.1919 0.1309 0.096 0.0765 0.0675 0.0498 0.0342 0.0215 0.0204 0.011 0.0087 )

KEY   = ( MCS = 20  TBS = 40 )
SINR = ( 0 100.0 )
BLER = ( 1 1.0 )

KEY   = ( MCS = 21  TBS = 40 )
SINR = ( 0 100.0 )
BLER = ( 1 1.0 )

KEY   = ( MCS = 22  TBS = 40 )
SINR = ( 0 100.0 )
BLER = ( 1 1.0 )

KEY   = ( MCS = 23  TBS = 40 )
SINR = ( 0 100.0 )
BLER = ( 1 1.0 )

KEY   = ( MCS = 24  TBS = 40 )
SINR = ( 0 100.0 )
BLER = ( 1 1.0 )

KEY   = ( MCS = 25  TBS = 40 )
SINR = ( 0 100.0 )
BLER = ( 1 1.0 )

KEY   = ( MCS = 26  TBS = 40 )
SINR = ( 0 100.0 )
BLER = ( 1 1.0 )

KEY   = ( MCS = 27  TBS = 40 )
SINR = ( 0 100.0 )
BLER = ( 1 1.0 )

KEY   = ( MCS = 0   TBS = 104 )
SINR = ( -7.6 -7.4 -7.2 -7 -6.8 -6.6 -6.4 -6.2 -6 -5.8 -5.6 -5.4 -5.2 -5 -4.8 -4.6 -4.4 -4.2 -4 )
BLER = ( 1 0.972 0.962 0.921 0.8701 0.8031 0.7226 0.6012 0.5102 0.3973 0.2839 0.1714 0.1234 0.07 0.0359 0.0177 0.0085 0.0031 0.0009 )

KEY   = ( MCS =  1  TBS = 104 )
SINR = ( -6.2 -6.4 -6.2 -6 -5.8 -5.6 -5.4 -5.2 -5 -4.8 -4.6 -4.4 -4.2 -4 -3.8 -3.6 -3.4 -3.2 -3 )
BLER = ( 1 0.9975 0.985 0.967 0.9475 0.9 0.8471 0.7826 0.6622 0.5437 0.4458 0.3178 0.2569 0.1574 0.094 0.0437 0.0233 0.0145 0.0067 )

KEY   = ( MCS =  2  TBS = 104 )
SINR = ( -5.4 -5.2 -5 -4.8 -4.6 -4.4 -4.2 -4 -3.8 -3.6 -3.4 -3.2 -3 -2.8 -2.6 -2.4 -2.2 -2 -1.8 -1.6 )
BLER = ( 1 0.986 0.9595 0.9365 0.8941 0.8366 0.7451 0.6177 0.5162 0.4208 0.3283 0.2094 0.1504 0.0965 0.052 0.0268 0.0115 0.0059 0.0027 0.001)

KEY   = ( MCS =  3  TBS = 104 )
SINR = ( -4.4 -4.2 -4 -3.8 -3.6 -3.4 -3.2 -3 -2.8 -2.6 -2.4 -2.2 -2 -1.8 -1.6 -1.4 -1.2 -1 -0.8 -0.6 )
BLER = ( 1 0.992 0.99 0.975 0.951 0.91 0.8741 0.7976 0.7046 0.5917 0.4863 0.3788 0.3038 0.1954 0.1229 0.071 0.0386 0.0207 0.0107 0.0062 )

KEY   = ( MCS = 4  TBS = 104 )
SINR = ( -3.4 -3.2 -3 -2.8 -2.6 -2.4 -2.2 -2 -1.8 -1.6 -1.4 -1.2 -1 -0.8 -0.6 -0.4 -0.2 0 0.2 0.4 0.6 0.8 )
BLER = ( 1 0.9955 0.993 0.982 0.9655 0.938 0.8821 0.8301 0.7396 0.6572 0.5352 0.4243 0.3093 0.2364 0.1364 0.094 0.0503 0.0288 0.0139 0.0068 0.0029 0.0017 )

KEY   = ( MCS = 5  TBS = 104 )
SINR = ( -2.2 -2 -1.8 -1.6 -1.4 -1.2 -1 -0.8 -0.6 -0.4 -0.2 0 0.2 0.4 0.6 0.8 1 1.2 1.4 1.6 1.8 2 )
BLER = ( 1 0.998 0.995 0.988 0.9725 0.9465 0.9155 0.8526 0.7546 0.6947 0.5867 0.4663 0.3778 0.2579 0.1729 0.1149 0.0815 0.0338 0.0238 0.0112 0.0043 0.0015 )

KEY   = ( MCS = 6  TBS = 104 )
SINR = ( -1 -0.8 -0.6 -0.4 -0.2 0 0.2 0.4 0.6 0.8 1 1.2 1.4 1.6 1.8 2 2.2 2.4 2.6 2.8 3 )
BLER = ( 1 0.996 0.9895 0.9655 0.9435 0.903 0.8586 0.7851 0.6922 0.5597 0.4953 0.3488 0.2469 0.1644 0.1234 0.0725 0.0435 0.0257 0.0114 0.0059 0.0022 )

KEY   = ( MCS = 7  TBS = 104 )
SINR = ( 0.6 0.8 1 1.2 1.4 1.6 1.8 2 2.2 2.4 2.6 2.8 3 3.2 3.4 3.6 3.8 4 )
BLER = ( 1 0.957 0.9365 0.8921 0.8046 0.7156 0.6227 0.5177 0.3913 0.3043 0.2234 0.1439 0.095 0.056 0.0305 0.0139 0.009 0.0039 )

KEY   = ( MCS = 8  TBS = 104 )
SINR = ( 1.6 1.8 2 2.2 2.4 2.6 2.8 3 3.2 3.4 3.6 3.8 4 4.2 4.4 4.6 4.8 5 )
BLER = ( 1 0.968 0.9255 0.8781 0.8056 0.7171 0.6142 0.5437 0.4038 0.3108 0.2024 0.1574 0.093 0.0645 0.0377 0.0175 0.0087 0.0041 )

KEY   = ( MCS = 9  TBS = 104 )
SINR = ( 2.6 2.8 3 3.2 3.4 3.6 3.8 4 4.2 4.4 4.6 4.8 5 5.2 5.4 5.6 5.8 6 6.2 )
BLER = ( 1 0.97 0.942 0.907 0.8361 0.7676 0.6687 0.5887 0.4623 0.3653 0.2794 .02199 0.1359 0.0875 0.0485 0.0321 0.0216 0.0116 0.0076 )

KEY   = ( MCS = 10  TBS = 104 )
SINR = ( 2.8 3 3.2 3.4 3.6 3.8 4 4.2 4.4 4.6 4.8 5 5.2 5.4 5.6 5.8 6 6.2 6.4 6.6 )
BLER = ( 1 0.963 0.934 0.8786 0.7971 0.7066 0.5842 0.4508 0.3323 0.2594 0.1714 0.1094 0.0575 0.0452 0.0202 0.0127 0.0056 0.0032 0.0011 0.0003 )

KEY   = ( MCS = 11  TBS = 104 )
SINR = ( 3.6 3.8 4 4.2 4.4 4.6 4.8 5 5.2 5.4 5.6 5.8 6 6.2 6.4 6.6 6.8 7 7.2 7.4 )
BLER = ( 1 0.9505 0.915 0.8546 0.7731 0.6407 0.5417 0.4253 0.3048 0.2464 0.1629 0.094 0.0625 0.0387 0.0194 0.0095 0.0059 0.003 0.0015 0.0005 )

KEY   = ( MCS = 12  TBS = 104 )
SINR = ( 4.4 4.6 4.8 5 5.2 5.4 5.6 5.8 6 6.2 6.4 6.6 6.8 7 7.2 7.4 7.6 7.8 )
BLER = ( 1 0.974 0.9455 0.8961 0.8311 0.7491 0.6752 0.5622 0.4513 0.3693 0.2669 0.1709 0.1264 0.073 0.0481 0.0311 0.0161 0.0072 )

KEY   = ( MCS = 13  TBS = 104 )
SINR = ( 5.4 5.6 5.8 6 6.2 6.4 6.6 6.8 7 7.2 7.4 7.6 7.8 8 8.2 8.4 8.6 8.8 9 )
BLER = ( 1 0.9665 0.933 0.8771 0.8226 0.7541 0.6387 0.5387 0.4438 0.3393 .2709 0.1829 0.1294 0.0865 0.0525 0.0365 0.018 0.0124 0.0065 )

KEY   = ( MCS = 14  TBS = 104 )
SINR = ( 6.4 6.6 6.8 7 7.2 7.4 7.6 7.8 8 8.2 8.4 8.6 8.8 9 9.2 9.4 9.6 9.8 10 10.2 )
BLER = ( 1 0.964 0.944 0.9115 0.8451 0.7701 0.6992 0.5787 0.4943 0.3938 0.3003 0.2409 0.1629 0.1049 0.08 0.0444 0.0217 0.0174 0.009 0.0049 )

KEY   = ( MCS = 15  TBS = 104 )
SINR = ( 7.4 7.6 7.8 8 8.2 8.4 8.6 8.8 9 9.2 9.4 9.6 9.8 10 10.2 10.4 10.6 10.8 11 11.2 11.4 )
BLER = ( 1 0.972 0.947 0.9135 0.8656 0.8121 0.7136 0.6577 0.5402 0.4608 0.3558 0.2734 0.2159 0.1599 0.1054 0.067 0.0499 0.0331 0.0163 0.0116 0.0054 ）

KEY   = ( MCS = 16  TBS = 104 )
SINR = ( 8.4 8.6 8.8 9 9.2 9.4 9.6 9.8 10 10.2 10.4 10.6 10.8 11 11.2 11.4 11.6 11.8 12 12.2 )
BLER = ( 1 0.946 0.908 0.8581 0.7971 0.7311 0.6512 0.5272 0.4608 0.3793 0.2809 0.2234 0.1419 0.0905 0.0695 0.0452 0.0274 0.0144 0.0102 0.0044 )

KEY   = ( MCS = 17  TBS = 104 )
SINR = ( 9.6 9.8 10 10.2 10.4 10.6 10.8 11 11.2 11.4 11.6 11.8 12 12.2 12.4 12.6 12.8 13 13.2 )
BLER = ( 1 0.945 0.901 0.8201 0.7666 0.6242 0.5297 0.4338 0.3458 0.2569 0.1709 0.1264 0.1014 0.058 0.0419 0.0203 0.015 0.0091 0.004 )

KEY   = ( MCS = 18  TBS = 104 )
SINR = ( 10.6 10.8 11 11.2 11.4 11.6 11.8 12 12.2 12.4 12.6 12.8 13 13.2 13.4 13.6 13.8 14 14.2 )
BLER = ( 1 0.9505 0.9155 0.8551 0.8026 0.6962 0.6027 0.5037 0.4323 0.3418 0.2699 0.1739 0.1234 0.0995 0.077 0.0464 0.0267 0.0174 0.0087 )

KEY   = ( MCS = 19  TBS = 104 )
SINR = ( 11.6 11.8 12 12.2 12.4 12.6 12.8 13 13.2 13.4 13.6 13.8 14 14.2 14.4 14.6 14.8 15 15.2 15.4 15.6 )
BLER = ( 1 0.9415 0.909 0.8526 0.7941 0.7061 0.6322 0.5287 0.4338 0.3658 0.2664 0.2229 0.1549 0.1104 0.087 0.0504 0.0398 0.0255 0.0145 0.0096 0.0052 )

KEY   = ( MCS = 20  TBS = 104 )
SINR = ( 12.4 12.6 12.8 13 13.2 13.4 13.6 13.8 14 14.2 14.4 14.6 14.8 15 15.2 15.4 15.6 15.8 16 16.2 16.4 16.6 )
BLER = ( 1 0.953 0.912 0.8646 0.8036 0.7281 0.6692 0.5427 0.4063 0.3933 0.3153 0.2329 0.1919 0.1484 0.0955 0.0695 0.0457 0.0394 0.0189 0.0169 0.0109 0.0054 ）

KEY   = ( MCS = 21  TBS = 104 )
SINR = ( 13.4 13.6 13.8 14 14.2 14.4 14.6 14.8 15 15.2 15.4 15.6 15.8 16 16.2 16.4 16.6 16.8 17 17.2 17.4 )
BLER = ( 1 0.936 0.8811 0.8436 0.7706 0.7081 0.6457 0.5522 0.4668 0.3833 0.3143 0.2459 0.1964 0.1319 0.093 0.0715 0.0488 0.0298 0.0218 0.0142 0.008 )

KEY   = ( MCS = 22  TBS = 104 )
SINR = ( 14.4 14.6 14.8 15 15.2 15.4 15.6 15.8 16 16.2 16.4 16.6 16.8 17 17.2 17.4 17.6 17.8 18 18.2 18.4 18.6 18.8 )
BLER = ( 1 0.958 0.932 0.9 0.8616 0.8011 0.7151 0.6507 0.5587 0.4763 0.4033 0.3193 0.2584 0.2099 0.1609 0.1284 0.086 0.0575 0.036 0.026 0.0166 0.0114 0.0077 )

KEY   = ( MCS = 23  TBS = 104 )
SINR = ( 0 100.0 )
BLER = ( 1 1.0 )

KEY   = ( MCS = 24  TBS = 104 )
SINR = ( 0 100.0 )
BLER = ( 1 1.0 )

KEY   = ( MCS = 25  TBS = 104 )
SINR = ( 0 100.0 )
BLER = ( 1 1.0 )

KEY   = ( MCS = 26  TBS = 104 )
SINR = ( 0 100.0 )
BLER = ( 1 1.0 )

KEY   = ( MCS = 27  TBS = 104 )
SINR = ( 0 100.0 )
BLER = ( 1 1.0 )


KEY   = ( MCS = 0  TBS = 256 )
SINR = ( -7.4 -7.2 -7 -6.8 -6.6 -6.4 -6.2 -6 -5.8 -5.6 -5.4 -5.2 -5 )
BLER = ( 1 0.9505 0.8841 0.7746 0.6482 0.4778 0.3218 0.1704 0.1054 0.0418 0.0151 0.0054 0.0015 )

KEY   = ( MCS = 1  TBS = 256 )
SINR = ( -6.4 -6.2 -6 -5.8 -5.6 -5.4 -5.2 -5 -4.8 -4.6 -4.4 -4.2 -4 -3.8 )
BLER = ( 1 0.9775 0.935 0.8571 0.7386 0.6012 0.4083 0.2834 0.1529 0.0735 0.0313 0.0102 0.0033 0.0011 )

KEY   = ( MCS = 2  TBS = 256 )
SINR = ( -5.6 -5.2 -5 -4.8 -4.6 -4.4 -4.2 -4 -3.8 -3.6 -3.4 -3.2 -3 )
BLER = ( 1 0.9795 0.9395 0.8646 0.7561 0.5837 0.4408 0.2744 0.1614 0.076 0.0366 0.0138 0.0043 )

KEY   = ( MCS = 3  TBS = 256 )
SINR = ( -4.4 -4.2 -4 -3.8 -3.6 -3.4 -3.2 -3 -2.8 -2.6 -2.4 -2.2 -2 -1.8 )
BLER = ( 1 0.9955 0.986 0.953 0.912 0.8286 0.6977 0.5567 0.3658 0.2199 0.1304 0.0665 0.0205 0.0086 )

KEY   = ( MCS = 4  TBS = 256 )
SINR = ( -3.4 -3.2 -3 -2.8 -2.6 -2.4 -2.2 -2 -1.8 -1.6 -1.4 -1.2 -1 -0.8 -0.6 )
BLER = ( 1 0.9995 0.991 0.977 0.9335 0.8676 0.7676 0.5992 0.4148 0.2899 0.1654 0.0725 0.0367 0.0169 0.0065 )

KEY   = ( MCS = 5  TBS = 256 )
SINR = ( -2.2 -2 -1.8 -1.6 -1.4 -1.2 -1 -0.8 -0.6 -0.4 -0.2 0 0.2 0.4 0.6 )
BLER = ( 1 0.997 0.9935 0.971 0.9175 0.8391 0.7411 0.5752 0.4228 0.2694 0.1474 0.071 0.0282 0.0109 0.0039 )

KEY   = ( MCS = 6  TBS = 256 )
SINR = ( -0.8 -0.6 -0.4 -0.2 0 0.2 0.4 0.6 0.8 1 1.2 1.4 1.6 1.8 2 )
BLER = ( 1 0.975 0.92 0.8516 0.7356 0.5962 0.4223 0.2939 0.1754 0.079 0.041 0.0134 0.0061 0.0016 0.0005 )

KEY   = ( MCS = 7  TBS = 256 )
SINR = ( 0.2 0.4 0.6 0.8 1 1.2 1.4 1.6 1.8 2 2.2 2.4 2.6 2.8 3 3.2 )
BLER = ( 1 0.9745 0.9475 0.8821 0.7731 0.6342 0.4773 0.3308 0.1894 0.086 0.0427 0.0219 0.0057 0.0018 0.0006 0.0002 )

KEY   = ( MCS = 8  TBS = 256 )
SINR = ( 1.2 1.4 1.6 1.8 2 2.2 2.4 2.6 2.8 3 3.2 3.4 3.6 3.8 4 )
BLER = ( 1 0.966 0.932 0.8561 0.7196 0.5882 0.4283 0.2764 0.1729 0.0905 0.0413 0.0196 0.0066 0.0029 0.0005 ) 

KEY   = ( MCS = 9  TBS = 256 )
SINR = ( 2 2.2 2.4 2.6 2.8 3 3.2 3.4 3.6 3.8 4 4.2 4.4 4.6 4.8 5 )
BLER = ( 1 0.98 0.9645 0.919 0.8221 0.7026 0.5722 0.3923 0.2654 0.1659 0.077 0.0404 0.0187 0.0057 0.0023 0.001 )

KEY   = ( MCS = 10  TBS = 256 )
SINR = ( 2.4 2.6 2.8 3 3.2 3.4 3.6 3.8 4 4.2 4.4 4.6 4.8 5 5.2 5.4 )
BLER = ( 1 0.9865 0.9495 0.8741 0.7531 0.5817 0.4028 0.2679 0.1389 0.067 0.0351 0.0172 0.0071 0.0016 0.0007 0.0004 )

KEY   = ( MCS = 11  TBS = 256 )
SINR = ( 3 3.2 3.4 3.6 3.8 4 4.2 4.4 4.6 4.8 5 5.2 5.4 5.6 5.8 6 )
BLER = ( 1 0.9875 0.963 0.927 0.8076 0.6617 0.5052 0.3218 0.2139 0.1059 0.062 0.0242 0.0106 0.0035 0.0015 0.0002 )

KEY   = ( MCS = 12  TBS = 256 )
SINR = ( 4.2 4.4 4.6 4.8 5 5.2 5.4 5.6 5.8 6 6.2 6.4 6.6 6.8 )
BLER = ( 1 0.9435 0.8701 0.7481 0.6112 0.4478 0.2934 0.1754 0.0875 0.0545 0.0197 0.0071 0.0023 0.0015 )

KEY   = ( MCS = 13  TBS = 256 )
SINR = ( 5.2 5.4 5.6 5.8 6 6.2 6.4 6.6 6.8 7 7.2 7.4 7.6 7.8 8 8.2 )
BLER = ( 1 0.914 0.8216 0.7081 0.5347 0.3943 0.2629 0.1464 0.079 0.0428 0.0168 0.0088 0.0029 0.001 0.0007 0.0002 )

KEY   = ( MCS = 14  TBS = 256 )
SINR = ( 5.8 6 6.2 6.4 6.6 6.8 7 7.2 7.4 7.6 7.8 8 8.2 8.4 8.6 )
BLER = ( 1 0.989 0.96 0.9085 0.8051 0.7036 0.5632 0.4088 0.2739 0.1709 0.092 0.0555 0.0253 0.012 0.0044 )

KEY   = ( MCS = 15  TBS = 256 )
SINR = ( 6.8 7 7.2 7.4 7.6 7.8 8 8.2 8.4 8.6 8.8 9 9.2 9.4 9.6 )
BLER = ( 1 0.9885 0.9705 0.92958 0.8641 0.7596 0.6332 0.4833 0.3263 0.2229 0.1449 0.092 0.037 0.0205 0.0092 )

KEY   = ( MCS = 16  TBS = 256 )
SINR = ( 7.8 8 8.2 8.4 8.6 8.8 9 9.2 9.4 9.6 9.8 10 10.2 10.4 10.6 )
BLER = ( 1 0.927 0.8486 0.7571 0.6377 0.4948 0.3548 0.2409 0.1559 0.0755 0.0392 0.0209 0.0086 0.0033 0.0016 )

KEY   = ( MCS = 17  TBS = 256 )
SINR = ( 9 9.2 9.4 9.6 9.8 10 10.2 10.4 10.6 10.8 11 11.2 11.4 11.6 )
BLER = ( 1 0.9595 0.8996 0.7976 0.6502 0.4708 0.2934 0.1779 0.1044 0.058 0.0283 0.0127 0.006 0.0018 )

KEY   = ( MCS = 18  TBS = 256 )
SINR = ( 9.8 10 10.2 10.4 10.6 10.8 11 11.2 11.4 11.6 11.8 12 12.2 12.4 12.6 )
BLER = ( 1 0.98 0.9355 0.8766 0.7301 0.5867 0.4348 0.2824 0.1939 0.0905 0.0555 0.025 0.0141 0.0051 0.0026 )

KEY   = ( MCS = 19  TBS = 256 )
SINR = ( 10.8 11 11.2 11.4 11.6 11.8 12 12.2 12.4 12.6 12.8 13 13.2 13.4 13.6 )
BLER = ( 1 0.9765 0.9265 0.8476 0.7436 0.6032 0.4433 0.3283 0.2194 0.1344 0.088 0.0481 0.0251 0.012 0.0052 )

KEY   = ( MCS = 20  TBS = 256 )
SINR = ( 11.8 12 12.2 12.4 12.6 12.8 13 13.2 13.4 13.6 13.8 14 14.2 14.4 14.6 )
BLER = ( 1 0.947 0.9 0.8061 0.6707 0.5497 0.4208 0.2884 0.2034 0.1299 0.067 0.0472 0.0206 0.0112 0.0072 )

KEY   = ( MCS = 21  TBS = 256 )
SINR = ( 12.4 12.6 12.8 13 13.2 13.4 13.6 13.8 14 14.2 14.4 14.6 14.8 15 15.2 15.4 )
BLER = ( 1 0.983 0.9575 0.9125 0.8376 0.7536 0.6252 0.4873 0.3778 0.2559 0.1704 0.1194 0.065 0.0447 0.018 0.009 )

KEY   = ( MCS = 22  TBS = 256 )
SINR = ( 13.4 13.6 13.8 14 14.2 14.4 14.6 14.8 15 15.2 15.4 15.6 15.8 16 16.2 16.4 16.6 16.8 )
BLER = ( 1 0.9895 0.969 0.936 0.8616 0.7921 0.6712 0.5742 0.4583 0.3218 0.2299 0.1509 0.0825 0.053 0.0344 0.0198 0.0103 0.0042 )

KEY   = ( MCS = 23  TBS = 256 )
SINR = ( 14.4 14.6 14.8 15 15.2 15.4 15.6 15.8 16 16.2 16.4 16.6 16.8 17 17.2 17.4 17.6 17.8 )
BLER = ( 1 0.987 0.9715 0.951 0.8996 0.8206 0.7331 0.5987 0.4953 0.3983 0.2709 0.1879 0.1279 0.0715 0.0433 0.0245 0.0144 0.0082 )

KEY   = ( MCS = 24  TBS = 256 )
SINR = ( 15.6 15.8 16 16.2 16.4 16.6 16.8 17 17.2 17.4 17.6 17.8 18 18.2 18.4 18.6 18.8 19 19.2 19.4 )
BLER = ( 1 0.996 0.9815 0.964 0.924 0.8641 0.7831 0.6992 0.5692 0.4553 0.3423 0.2639 0.1864 0.1089 0.089 0.0515 0.0279 0.0172 0.0104 0.0058 )

KEY   = ( MCS = 25  TBS = 256 )
SINR = ( 0 100.0 )
BLER = ( 1 1.0 )

KEY   = ( MCS = 26  TBS = 256 )
SINR = ( 0 100.0 )
BLER = ( 1 1.0 )

KEY   = ( MCS = 27  TBS = 256 )
SINR = ( 0 100.0 )
BLER = ( 1 1.0 )

KEY   = ( MCS = 0   TBS = 528 )
SINR = ( -7.8 -7.6 -7.4 -7.2 -7 -6.8 -6.6 -6.4 -6.2 -6 -5.8 -5.6 -5.4 )
BLER = ( 1 0.999 0.9865 0.95 0.8601 0.6742 0.4613 0.2539 0.09 0.0312 0.0089 0.0014 0.0004 )

KEY   = ( MCS = 1   TBS = 528 )
SINR = ( -6.8 -6.6 -6.4 -6.2 -6 -5.8 -5.6 -5.4 -5.2 -5 -4.8 -4.6 -4.4 -4.2 )
BLER = ( 1 0.9995 0.9955 0.98 0.9235 0.8016 0.5927 0.3473 0.1639 0.0645 0.0179 0.0033 0.0007 0.0001 )

KEY   = ( MCS = 2   TBS = 528 )
SINR = ( -5.4 -5.2 -5 -4.8 -4.6 -4.4 -4.2 -4 -3.8 -3.6 -3.4 )
BLER = ( 1 0.9855 0.9315 0.8281 0.6122 0.3808 0.1834 0.0745 0.0195 0.0054 0.0008 )

KEY   = ( MCS = 3   TBS = 528 )
SINR = ( -4.2 -4 -3.8 -3.6 -3.4 -3.2 -3 -2.8 -2.6 -2.4 -2.2 )
BLER = ( 1 0.9925 0.964 0.901 0.7126 0.4983 0.2884 0.1294 0.0432 0.012 0.0031 )

KEY   = ( MCS = 4   TBS = 528 )
SINR = ( -3 -2.8 -2.6 -2.4 -2.2 -1.8 -1.6 -1.4 -1.2 -1 )
BLER = ( 1 0.98 0.9265 0.7861 0.5892 0.3588 0.1814 0.0645 0.0199 0.0051 0.0014 )

KEY   = ( MCS = 5   TBS = 528 )
SINR = ( -1.8 -1.6 -1.4 -1.2 -1 -0.8 -0.6 -0.4 -0.2 0 0.2 )
BLER = ( 1 0.9715 0.8871 0.7601 0.5467 0.3103 0.1649 0.0685 0.0185 0.0041 0.0006 )

KEY   = ( MCS = 6   TBS = 528 )
SINR = ( -1 -0.8 -0.6 -0.4 -0.2 0 0.2 0.4 0.6 0.8 1 1.2 1.4 )
BLER = ( 1 0.997 0.9725 0.901 0.7626 0.5512 0.3563 0.1659 0.059 0.0202 0.0039 )

KEY  = ( MCS = 7   TBS = 528 )
SINR = ( 0.2 0.4 0.6 0.8 1 1.2 1.4 1.6 1.8 2 2.2 )
BLER = ( 1 0.977 0.919 0.7946 0.6087 0.3638 0.1929 0.08 0.0236 0.0057 0.0012 )

KEY   = ( MCS = 8   TBS = 528 )
SINR = ( 0.8 1 1.2 1.4 1.6 1.8 2 2.2 2.4 2.6 2.8 3 3.2 )
BLER = ( 1 0.9985 0.9915 0.962 0.8686 0.7286 0.5237 0.3003 0.1489 0.0463 0.0168 0.0038 0.0007 )

KEY  = ( MCS = 9   TBS = 528 )
SINR = ( 1.8 2 2.2 2.4 2.6 2.8 3 3.2 3.4 3.6 3.8 4 4.2 )
BLER = ( 1 0.9985 0.9845 0.9485 0.8621 0.6942 0.4938 0.2799 0.1269 0.0484 0.0152 0.0049 0.0011 )

KEY  = ( MCS = 10  TBS = 528 )
SINR = ( 2.4 2.6 2.8 3 3.2 3.4 3.6 3.8 4 4.2 4.4 4.6 )
BLER = ( 1 0.9875 0.9415 0.7941 0.5727 0.3298 0.1694 0.06 0.0233 0.0066 0.0027 0.001 )

KEY   = ( MCS = 11  TBS = 528 )
SINR = ( 3 3.2 3.4 3.6 3.8 4 4.2 4.4 4.6 4.8 5 5.2 5.4)
BLER = ( 1 0.9925 0.9465 0.8486 0.6582 0.4173 0.2374 0.0965 0.031 0.0106 0.0033 0.0016 0.0003)

KEY   = ( MCS = 12  TBS = 528 )
SINR = ( 4 4.2 4.4 4.6 4.8 5 5.2 5.4 5.6 5.8 6 6.2 )
BLER = ( 1 0.9845 0.9215 0.7871 0.5682 0.3373 0.1774 0.0715 0.0313 0.0077 0.0026 0.0011 )

KEY   = ( MCS = 13  TBS = 528 )
SINR = ( 5 5.2 5.4 5.6 5.8 6 6.2 6.4 6.6 6.8 7 )
BLER = ( 1 0.9495 0.8456 0.6937 0.4648 0.2634 0.1354 0.051 0.0156 0.0064 0.0015 )

KEY   = ( MCS = 14  TBS = 528 )
SINR = ( 6 6.2 6.4 6.6 6.8 7 7.2 7.4 7.6 7.8 )
BLER = ( 1 0.9519 0.8601 0.7101 0.4898 0.3028 0.1499 0.06 0.0223 0.0066 )

KEY   = ( MCS = 15  TBS = 528 )
SINR = ( 6.8 7 7.2 7.4 7.6 7.8 8 8.2 8.4 8.6 8.8 9 9.2 )
BLER = ( 1 0.9805 0.941 0.8206 0.6682 0.4848 0.3013 0.1574 0.0665 0.0238 0.0111 0.0024 0.0008 )

KEY   = ( MCS = 16  TBS = 528 )
SINR = ( 7.6 7.8 8 8.2 8.4 8.6 8.8 9 9.2 9.4 9.6 )
BLER = ( 1 0.9585 0.8696 0.7386 0.5637 0.3548 0.2104 0.1219 0.052 0.0139 0.0051 )

KEY   = ( MCS = 17  TBS = 528 )
SINR = ( 8.8 9 9.2 9.4 9.6 9.8 10 10.2 10.4 10.6 10.8 11 )
BLER = ( 1 0.9905 0.9375 0.7966 0.5637 0.3123 0.1614 0.057 0.0238 0.0071 0.0038 0.0009 )

KEY   = ( MCS = 18  TBS = 528 )
SINR = ( 9.8 10 10.2 10.4 10.6 10.8 11 11.2 11.4 11.6 11.8 12 )
BLER = ( 1 0.969 0.8986 0.7451 0.5257 0.2999 0.1599 0.066 0.0258 0.01 0.0034 0.0013 )

KEY   = ( MCS = 19  TBS = 528 )
SINR = ( 10.8 11 11.2 11.4 11.6 11.8 12 12.2 12.4 12.6 12.8 )
BLER = ( 1 0.936 0.8286 0.6627 0.4578 0.2554 0.1359 0.0685 0.0243 0.0119 0.0042 )

KEY   = ( MCS = 20  TBS = 528 )
SINR = ( 11.4 11.6 11.8 12 12.2 12.4 12.6 12.8 13 13.2 13.4 13.6 13.8 )
BLER = ( 1 0.991 0.965 0.8966 0.7596 0.6107 0.4513 0.2679 0.1404 0.07 0.0265 0.0134 0.0045 )

KEY   = ( MCS = 21  TBS = 528 )
SINR = ( 12.4 12.6 12.8 13 13.2 13.4 13.6 13.8 14 14.2 14.4 14.6 14.8 )
BLER = ( 1 0.98 0.948 0.8631 0.7051 0.5432 0.3758 0.2249 0.1204 0.067 0.0277 0.0129 0.0034 )

KEY   = ( MCS = 22  TBS = 528 )
SINR = ( 13.4 13.6 13.8 14 14.2 14.4 14.6 14.8 15 15.2 15.4 15.6 15.8 )
BLER = ( 1 0.9775 0.9375 0.8616 0.7121 0.5707 0.4118 0.2539 0.1449 0.071 0.0332 0.0145 0.0051 )

KEY   = ( MCS = 23  TBS = 528 )
SINR = ( 14.6 14.8 15 15.2 15.4 15.6 15.8 16 16.2 16.4 16.6 16.8 )
BLER = ( 0.976 0.919 0.8231 0.7141 0.5617 0.3963 0.2399 0.1439 0.0895 0.0315 0.0159 0.0065 )

KEY   = ( MCS = 24  TBS = 528 )
SINR = ( 15.4 15.6 15.8 16 16.2 16.4 16.6 16.8 17 17.2 17.4 17.6 17.8 )
BLER = ( 1 0.9675 0.9225 0.8406 0.7151 0.5487 0.4058 0.2434 0.1539 0.076 0.0355 0.0173 0.0074 )

KEY   = ( MCS = 25  TBS = 528 )
SINR = ( 16.4 16.6 16.8 17 17.2 17.4 17.6 17.8 18 18.2 18.4 18.6 18.8 19 19.2 )
BLER = ( 1 0.992 0.9735 0.931 0.8701 0.7471 0.6057 0.4478 0.3113 0.1824 0.1119 0.0575 0.0312 0.0102 0.0047 )

KEY   = ( MCS = 26  TBS = 528 )
SINR = ( 17.4 17.6 17.8 18 18.2 18.4 18.6 18.8 19 19.2 19.4 19.6 19.8 20 20.2 )
BLER = ( 1 0.991 0.97 0.9105 0.8236 0.7101 0.5792 0.4333 0.2914 0.1879 0.1044 0.056 0.0243 0.0123 0.0028 )

KEY   = ( MCS = 27  TBS = 528 )
SINR = ( 0 100.0 )
BLER = ( 1 1.0 )

KEY   = ( MCS = 0  TBS = 1064 )
SINR = ( -7.4 -7.2 -7 -6.8 -6.6 -6.4 -6.2 -6 -5.8 )
BLER = ( 1.0 0.9855 0.927 0.7021 0.3878 0.1389 0.0275 0.0034 0.0003 )

KEY   = ( MCS = 1  TBS = 1064 )
SINR = ( -6.4 -6.2 -6 -5.8 -5.6 -5.4 -5.2 -5 -4.8 -4.6 )
BLER = ( 1.0 0.9995 0.9935 0.9425 0.7976 0.5037 0.2229 0.059 0.0105 0.0016 )

KEY   = ( MCS = 2  TBS = 1064 )
SINR = ( -5.4 -5.2 -5 -4.8 -4.6 -4.4 -4.2 -4 )
BLER = ( 1.0 0.993 0.9425 0.7686 0.4468 0.1784 0.0388 0.0061 )

KEY   = ( MCS = 3  TBS = 1064 )
SINR = ( -4 -3.8 -3.6 -3.4 -3.2 -3 -2.8 -2.6 )
BLER = ( 1.0 0.9925 0.8991 0.6682 0.3958 0.1219 0.026 0.0034 )

KEY   = ( MCS = 4  TBS = 1064 )
SINR = ( -2.8 -2.6 -2.4 -2.2 -2 -1.8 -1.6 )
BLER = ( 1.0 0.909 0.7141 0.3968 0.1439 0.0316 0.0055 )

KEY   = ( MCS = 5  TBS = 1064 )
SINR = ( -1.8 -1.6 -1.4 -1.2 -1 -0.8 -0.6 -0.4 -0.2 )
BLER = ( 1.0 0.985 0.9055 0.6707 0.3853 0.1254 0.0312 0.0021 0.0002 )

KEY   = ( MCS = 6  TBS = 1064 )
SINR = ( -0.8 -0.6 -0.4 -0.2 0 0.2 0.4 0.6 0.8 )
BLER = ( 1.0 0.9845 0.9085 0.6797 0.3783 0.1344 0.0279 0.0031 0.0003 )

KEY   = ( MCS = 7  TBS = 1064 )
SINR = ( 0.2 0.4 0.6 0.8 1 1.2 1.4 1.6 1.8 )
BLER = ( 1.0 0.9845 0.9035 0.6912 0.3818 0.1284 0.0396 0.0051 0.0003 )

KEY   = ( MCS = 8  TBS = 1064 )
SINR = ( 1.2 1.4 1.6 1.8 2 2.2 2.4 2.6 2.8 )
BLER = ( 1.0 0.9735 0.8566 0.6152 0.2914 0.1014 0.0212 0.0024 0.0003 )

KEY   = ( MCS = 9  TBS = 1064 )
SINR = ( 2.2 2.4 2.6 2.8 3 3.2 3.4 3.6 3.8 )
BLER = ( 1.0 0.941 0.7741 0.4913 0.2184 0.07 0.0142 0.002 0.0001 )

KEY   = ( MCS = 10  TBS = 1064 )
SINR = ( 2.6 2.8 3 3.2 3.4 3.6 3.8 4 )
BLER = ( 1.0 0.9465 0.7406 0.4288 0.1469 0.0367 0.0078 0.0019 )

KEY   = ( MCS = 11  TBS = 1064 )
SINR = ( 3.2 3.4 3.6 3.8 4 4.2 4.4 4.6 )
BLER = ( 1.0 0.967 0.8186 0.5042 0.2204 0.0755 0.0155 0.0021 )

KEY   = ( MCS = 12  TBS = 1064 )
SINR = ( 3.8 4 4.2 4.4 4.6 4.8 5 5.2 5.4 )
BLER = ( 1.0 0.999 0.9815 0.8861 0.6487 0.3338 0.099 0.0227 0.0049 )

KEY   = ( MCS = 13  TBS = 1064 )
SINR = ( 5.2 5.4 5.6 5.8 6 6.2 6.4 )
BLER = ( 0.9425 0.7586 0.4758 0.2049 0.0595 0.0139 0.0026 )

KEY   = ( MCS = 14  TBS = 1064 )
SINR = ( 6 6.2 6.4 6.6 6.8 7 7.2 7.4 )
BLER = ( 0.989 0.9265 0.7291 0.4303 0.1974 0.059 0.0106 0.0029 )

KEY   = ( MCS = 15  TBS = 1064 )
SINR = ( 6.8 7 7.2 7.4 7.6 7.8 8 8.2 8.4 )
BLER = ( 1 0.985 0.9155 0.7361 0.4698 0.2359 0.078 0.0257 0.0031 )

KEY   = ( MCS = 16  TBS = 1064 )
SINR = ( 7.6 7.8 8 8.2 8.4 8.6 8.8 9 9.2 )
BLER = ( 1 0.925 0.7761 0.5192 0.2814 0.1024 0.028 0.0065 0.0011 )

KEY   = ( MCS = 17  TBS = 1064 )
SINR = ( 8.8 9 9.2 9.4 9.6 9.8 10 10.2 )
BLER = ( 1 0.9875 0.8991 0.5947 0.2439 0.0665 0.0137 0.0019 )

KEY   = ( MCS = 18  TBS = 1064 )
SINR = ( 9.8 10 10.2 10.4 10.610.8 11 11.2 )
BLER = ( 1 0.9535 0.7886 0.4643 0.2094 0.062 0.0126 0.0029 )

KEY   = ( MCS = 19  TBS = 1064 )
SINR = ( 10.6 10.8 11 11.2 11.4 11.6 11.8 12 12.2 12.4 )
BLER = ( 1 0.981 0.8966 0.6737 0.4038 0.1749 0.0498 0.0125 0.0043 0.0007 )

KEY   = ( MCS = 20  TBS = 1064 )
SINR = ( 11.4 11.6 11.8 12 12.2 12.4 12.6 12.8 13 )
BLER = ( 1 0.9925 0.936 0.8001 0.5077 0.2809 0.1099 0.0312 0.0067 )

KEY   = ( MCS = 21  TBS = 1064 )
SINR = ( 12.4 12.6 12.8 13 13.2 13.4 13.6 13.8 14 14.2 )
BLER = ( 1 0.97 0.8871 0.7011 0.4608 0.2344 0.096 0.0346 0.0111 0.0036 )

KEY   = ( MCS = 22  TBS = 1064 )
SINR = ( 13.4 13.6 13.8 14 14.2 14.4 14.6 14.8 15 15.2 )
BLER = ( 1 0.97 0.8721 0.6972 0.4548 0.2624 0.1239 0.0499 0.015 0.0041 )

KEY   = ( MCS = 23  TBS = 1064 )
SINR = ( 14.4 14.6 14.8 15 15.2 15.4 15.6 15.8 16 16.2 )
BLER = ( 1 0.9775 0.914 0.7716 0.5297 0.3358 0.1669 0.0555 0.0215 0.0078 )

KEY   = ( MCS = 24  TBS = 1064 )
SINR = ( 15.4 15.6 15.8 16 16.2 16.4 16.6 16.8 17 17.2 )
BLER = ( 1 0.9735 0.902 0.7601 0.5302 0.3293 0.1519 0.061 0.0188 0.0061 )

KEY   = ( MCS = 25  TBS = 1064 )
SINR = ( 16.6 16.8 17 17.2 17.4 17.6 17.8 18 18.2 18.4 )
BLER = ( 1 0.9425 0.8306 0.6252 0.4333 0.2374 0.097 0.0422 0.0155 0.0034 )

KEY   = ( MCS = 26  TBS = 1064 )
SINR = ( 17.4 17.6 17.8 18 18.2 18.4 18.6 18.8 19 19.2 )
BLER = ( 1 0.962 0.8801 0.7186 0.5072 0.3223 0.1749 0.0815 0.0266 0.0067 )

KEY   = ( MCS = 27  TBS = 1064 )
SINR = ( 18.4 18.6 18.8 19 19.2 19.4 19.6 19.8 20 20.2 20.4 20.6 )
BLER = ( 1 0.9845 0.9395 0.8521 0.6932 0.4873 0.3248 0.1689 0.087 0.0407 0.0161 0.0056 )

KEY   = ( MCS = 0  TBS = 2024 )
SINR = ( -7.2 -7 -6.8 -6.6 -6.4 -6.2 )
BLER = ( 1.0 0.956 0.6872 0.2484 0.0338 0.002 )

KEY   = ( MCS = 1  TBS = 2024 ）
SINR = ( -6 -5.8 -5.6 -5.4 -5.2 -5 -4.8 )
BLER = ( 1.0 0.98 0.7896 0.4138 0.1074 0.0109 0.0005 )

KEY   = ( MCS = 2  TBS = 2024 )
SINR = ( -5.2 -5 -4.8 -4.6 -4.4 -4.2 )
BLER = ( 1.0 0.968 0.7496 0.3308 0.075 0.0021 )

KEY   = ( MCS = 3  TBS = 2024 )
SINR = ( -4 -3.8 -3.6 -3.4 -3.2 -3 -2.8 )
BLER = ( 1.0 0.996 0.822 0.6067 0.1799 0.0252 0.0006 )

KEY   = ( MCS = 4  TBS = 2024 )
SINR = ( -2.8 -2.6 -2.4 -2.2 -2 -1.8 )
BLER = ( 1.0 0.96 0.7311 0.2969 0.0525 0.0046 )

KEY   = ( MCS = 5  TBS = 2024 )
SINR = ( -1.8 -1.6 -1.4 -1.2 -1 -0.8 -0.6 )
BLER = ( 1.0 0.996 0.9135 0.5887 0.1789 0.0221 0.0015 )

KEY   = ( MCS = 6  TBS = 2024 )
SINR = ( -0.6 -0.4 -0.2 0 0.2 0.4 )
BLER = ( 1.0 0.916 0.5932 0.2154 0.0297 0.0018 )

KEY   = ( MCS = 7  TBS = 2024 )
SINR = ( 0.2 0.4 0.6 0.8 1 1.2 1.4 )
BLER = ( 1.0 0.996 0.9155 0.5997 0.2164 0.0259 0.0014 )

KEY   = ( MCS = 8  TBS = 2024 )
SINR = ( 1.2 1.4 1.6 1.8 2 2.2 2.4 )
BLER = ( 1.0 0.984 0.8591 0.5007 0.1359 0.0168 0.0009 )

KEY   = ( MCS = 9  TBS = 2024 )
SINR = ( 2.2 2.4 2.6 2.8 3 3.2 3.4 )
BLER = ( 1.0 0.954 0.7491 0.3403 0.0705 0.0065 0.0004 )

KEY   = ( MCS = 10  TBS = 2024 )
SINR = ( 2.6 2.8 3 3.2 3.4 3.6 )
BLER = ( 1.0 0.971 0.7246 0.2684 0.0437 0.0036 )

KEY   = ( MCS = 11  TBS = 2024 )
SINR = ( 3.2 3.4 3.6 3.8 4 4.2 4.4 4.6 )
BLER = ( 1.0 0.985 0.8036 0.3843 0.0905 0.0095 0.0008 0.0004 )

KEY   = ( MCS = 12  TBS = 2024 )
SINR = ( 4.0 4.2 4.4 4.6 4.8 5 5.2 5.4 )
BLER = ( 1.0 0.993 0.9065 0.5607 0.1699 0.023 0.0019 0.0003 )

KEY   = ( MCS = 13  TBS = 2024 )
SINR = ( 5.0 5.2 5.4 5.6 5.8 6 )
BLER = ( 1.0 0.958 0.7486 0.3148 0.06 0.0097 )

KEY   = ( MCS = 14  TBS = 2024 )
SINR = ( 6.0 6.2 6.4 6.6 6.8 7 )
BLER = ( 1.0 0.939 0.6817 0.2669 0.0565 0.0052 )

KEY   = ( MCS = 15  TBS = 2024 )
SINR = ( 6.8 7 7.2 7.4 7.6 7.8 8 )
BLER = ( 1.0 0.9965 0.9335 0.6502 0.2904 0.0645 0.0088 )

KEY   = ( MCS = 16  TBS = 2024 )
SINR = ( 7.6 7.8 8 8.2 8.4 8.6 8.8 )
BLER = ( 1.0 0.948 0.7381 0.3643 0.0935 0.0165 0.0014 )

KEY   = ( MCS = 17  TBS = 2024 )
SINR = ( 8.8 9 9.2 9.4 9.6 9.8 10 )
BLER = ( 1.0 0.994 0.904 0.4608 0.095 0.0077 0.0009 )

KEY   = ( MCS = 18  TBS = 2024 )
SINR = ( 9.8 10 10.2 10.4 10.6 10.8 )
BLER = ( 1.0 0.966 0.7086 0.2629 0.0445 0.0055 )

KEY   = ( MCS = 19  TBS = 2024 )
SINR = ( 10.6 10.8 11 11.2 11.4 11.6 11.8 12 )
BLER = ( 1.0 0.9935 0.8716 0.5542 0.1824 0.0355 0.0043 0.0007 )

KEY   = ( MCS = 20  TBS = 2024 )
SINR = ( 11.6 11.8 12 12.2 12.4 12.6 12.8 13 )
BLER = ( 1.0 0.948 0.7151 0.3503 0.0975 0.0176 0.0022 0.0004 )

KEY   = ( MCS = 21  TBS = 2024 )
SINR = ( 12.4 12.6 12.8 13 13.2 13.4 13.6 13.8 )
BLER = ( 1.0 0.9795 0.8811 0.5912 0.2669 0.083 0.0146 0.003 )

KEY   = ( MCS = 22  TBS = 2024 )
SINR = ( 13.4 13.6 13.8 14 14.2 14.4 14.6 14.8 )
BLER = ( 1.0 0.9855 0.8956 0.6217 0.3453 0.1124 0.029 0.0057 )

KEY   = ( MCS = 23  TBS = 2024 )
SINR = ( 14.4 14.6 14.8 15 15.2 15.4 15.6 15.8 )
BLER = ( 1.0 0.976 0.8741 0.6362 0.3408 0.1259 0.0294 0.005 )

KEY   = ( MCS = 24  TBS = 2024 )
SINR = ( 15.4 15.6 15.8 16 16.2 16.4 16.6 16.8 )
BLER = ( 1.0 0.9755 0.8816 0.6407 0.3193 0.1184 0.0386 0.0054 )

KEY   = ( MCS = 25  TBS = 2024 )
SINR = ( 16.4 16.6 16.8 17 17.2 17.4 17.6 17.8 18 )
BLER = ( 1.0 0.979 0.8996 0.6857 0.4153 0.1435 0.0471 0.01 0.0022 )

KEY   = ( MCS = 26  TBS = 2024 )
SINR = ( 17.4 17.6 17.8 18 18.2 18.4 18.6 18.8 )
BLER = ( 1.0 0.948 0.8081 0.5772 0.2929 0.1069 0.0351 0.0057 )

KEY   = ( MCS = 27  TBS = 2024 )
SINR = ( 18.6 18.8 19 19.2 19.4 19.6 19.8 20 20.2 )
BLER = ( 1.0 0.9455 0.8006 0.5542 0.3228 0.1434 0.055 0.0116 0.0028 )


KEY   = ( MCS = 0  TBS = 3624 )
SINR = ( -7.2 -7 -6.8 -6.6 -6.4 )
BLER = ( 1.0 0.9745 0.5947 0.085 0.0026 )

KEY   = ( MCS = 1  TBS = 3624 )
SINR = ( -6 -5.8 -5.6 -5.4 -5.2 -5 )
BLER = ( 1.0 0.992 0.7951 0.2669 0.0182 0.0006 )

KEY   = ( MCS = 2  TBS = 3624 )
SINR = ( -5.2 -5 -4.8 -4.6 -4.4 -4.2 )
BLER = ( 1.0 0.9855 0.7251 0.1479 0.0056 0.0002)

KEY   = ( MCS = 3  TBS = 3624 )
SINR = ( -3.8 -3.6 -3.4 -3.2 -3 )
BLER = ( 1.0 0.951 0.5507 0.0865 0.0029 )

KEY   = ( MCS = 4  TBS = 3624 )
SINR = ( -2.8 -2.6 -2.4 -2.2 -2 -1.8 )
BLER = ( 1.0 0.980.6777 0.1594 0.007 0.0003 )

KEY   = ( MCS = 5  TBS = 3624 )
SINR = ( -1.8 -1.6 -1.4 -1.2 -1 -0.8 )
BLER = ( 1.0 0.9995 0.9455 0.5037 0.0695 0.0013 )

KEY   = ( MCS = 6  TBS = 3624 )
SINR = ( -0.8 -0.6 -0.4 -0.2 0 0.2 )
BLER = ( 1.0 0.999 0.9475 0.5022 0.064 0.0013 )

KEY   = ( MCS = 7  TBS = 3624 )
SINR = ( 0.2 0.4 0.6 0.8 1 1.2 )
BLER = ( 1.0 0.9995 0.9485 0.5182 0.08 0.0021 )

KEY   = ( MCS = 8  TBS = 3624 )
SINR = ( 1.2 1.4 1.6 1.8 2 2.2 )
BLER = ( 1.0 0.997 0.8756 0.3758 0.053 0.0008 )

KEY   = ( MCS = 9  TBS = 3624 )
SINR = ( 2.2 2.4 2.6 2.8 3 3.2 )
BLER = ( 1.0 0.978 0.7131 0.1889 0.012 0.0003 )

KEY   = ( MCS = 10  TBS = 3624 )
SINR = ( 2.6 2.8 3 3.2 3.4 )
BLER = ( 1.0 0.985 0.7256 0.1549 0.0076 )

KEY   = ( MCS = 11  TBS = 3624 )
SINR = ( 3.2 3.4 3.6 3.8 4 4.2 4.4 )
BLER = ( 1.0 0.9945 0.8476 0.2699 0.0225 0.0014 0.0005 )

KEY   = ( MCS = 12  TBS = 3624 )
SINR = ( 4.2 4.4 4.6 4.8 5 5.2 )
BLER = ( 1.0 0.9385 0.4673 0.0585 0.0025 0.0005 )

KEY   = ( MCS = 13  TBS = 3624 )
SINR = ( 4.8 5 5.2 5.4 5.6 5.8 6 )
BLER = ( 1.0 0.98 0.7136 0.1934 0.0113 0.0014 0.0002 )

KEY   = ( MCS = 14  TBS = 3624 )
SINR = ( 6 6.2 6.4 6.6 6.8 7 )
BLER = ( 1.0 0.967 0.6057 0.1239 0.0076 0.0004 )

KEY   = ( MCS = 15  TBS = 3624 )
SINR = ( 7 7.2 7.4 7.6 7.8 8 )
BLER = ( 1.0 0.937 0.5487 0.1314 0.0079 0.0009 )

KEY   = ( MCS = 16  TBS = 3624 )
SINR = ( 7.4 7.6 7.8 8 8.2 8.4 8.6 )
BLER = ( 1.0 0.9995 0.96 0.6577 0.2044 0.0171 0.0016 )

KEY   = ( MCS = 17  TBS = 3624 )
SINR = ( 9 9.2 9.4 9.6 9.8)
BLER = ( 1.0 0.916 0.3363 0.0222 0.0014 )

KEY   = ( MCS = 18  TBS = 3624 )
SINR = ( 9.8 10 10.2 10.4 10.6 10.8 )
BLER = ( 1.0 0.9815 0.6597 0.1349 0.0077 0.0008)

KEY   = ( MCS = 19  TBS = 3624 )
SINR = ( 10.6 10.8 11 11.2 11. 4 11.6 )
BLER = ( 1.0 0.999 0.8831 0.4293 0.0505 0.0025 )

KEY   = ( MCS = 20  TBS = 3624 )
SINR = ( 11.6 11.8 12 12.2 12.4 12.6 )
BLER = ( 1.0 0.962 0.6942 0.1989 0.0197 0.0017 )

KEY   = ( MCS = 21  TBS = 3624 )
SINR = ( 12.4 12.6 12.8 13 13.2 13.4 13.6 )
BLER = ( 1.0 0.9995 0.8951 0.5197 0.1534 0.0247 0.0049 )

KEY   = ( MCS = 22  TBS = 3624 )
SINR = ( 13.4 13.6 13.8 14 14.2 14.4 14.6 )
BLER = ( 1.0 0.9885 0.8631 0.5037 0.1459 0.0233 0.0021 )

KEY   = ( MCS = 23  TBS = 3624 )
SINR = ( 14.4 14.6 14.8 15 15.2 15.4 15.6 )
BLER = ( 1.0 0.984 0.8686 0.5047 0.1619 0.0274 0.0031 )

KEY   = ( MCS = 24  TBS = 3624 )
SINR = ( 15.4 15.6 15.8 16 16.2 16.4 16.6 16.8 )
BLER = ( 1.0 0.9945 0.8611 0.5462 0.1759 0.0282 0.0033 0.0004 )

KEY   = ( MCS = 25  TBS = 3624 )
SINR = ( 16.4 16.6 16.8 17 17.2 17.4 17.6 )
BLER = ( 1.0 0.995 0.9010 0.6302 0.2454 0.0409 0.0058 )

KEY   = ( MCS = 26  TBS = 3624 )
SINR = ( 17.4 17.6 17.8 18 18.2 18.4 18.6 )
BLER = ( 1.0 0.995 0.9010 0.6302 0.2454 0.0409 0.0058 )

KEY   = ( MCS = 27  TBS = 3624 )
SINR = ( 18.4 18.6 18.8 19 19.2 19.4 19.6 )
BLER = ( 1.0 0.9935 0.9295 0.6987 0.3618 0.1074 0.0261 )

KEY   = ( MCS = 0  TBS = 5376 )
SINR = ( -7.2 -7 -6.8 -6.6 -6.4 -6.2 )
BLER = ( 1.0 0.9995 0.917 0.3813 0.0371 0.0008 )

KEY   = ( MCS = 1  TBS = 5376 )
SINR = ( -5.8 -5.6 -5.4 -5.2 -5 -4.8 )
BLER = ( 1.0 0.9735 0.5937 0.1104 0.0067 )

KEY   = ( MCS = 2  TBS = 5376 )
SINR = ( -5.2 -5 -4.8 -4.6 -4.4 -4.2 )
BLER = ( 1.0 0.999 0.9545 0.4548 0.0469 0.0024 )

KEY   = ( MCS = 3  TBS = 5376 )
SINR = ( -3.8 -3.6 -3.4 -3.2 -3 -2.8 )
BLER = ( 1.0 0.998 0.8796 0.3353 0.03 0.0005 )

KEY   = ( MCS = 4  TBS = 5376 )
SINR = ( -2.6 -2.4 -2.2 -2 )
BLER = ( 1 0.9115 0.3023 0.0071 )

KEY   = ( MCS = 5  TBS = 5376 )
SINR = ( -1.6 -1.4 -1.2 -1 -0.8 )
BLER = ( 1  0.965 0.4453 0.0334 0.0003 )

KEY   = ( MCS = 6  TBS = 5376 )
SINR = ( -0.6 -0.4 -0.2 0 0.2 )
BLER = ( 1.0 0.969 0.5277 0.0467 0.0001 )

KEY   = ( MCS = 7  TBS = 5376 )
SINR = ( 0.4 0.6 0.8 1 1.2 )
BLER = ( 1 0.9675 0.5262 0.0482 0.0003 )

KEY   = ( MCS = 8  TBS = 5376 )
SINR = ( 1.2 1.4 1.6 1.8 2 2.2 )
BLER = ( 1.0 0.999 0.939 0.3998 0.0267 0.0001 ) 

KEY   = ( MCS = 9  TBS = 5376 )
SINR = ( 2.2 2.4 2.6 2.8 3 3.2 )
BLER = ( 1.0 0.9985 0.8441 0.2409 0.0114 0.0001 )

KEY   = ( MCS = 10  TBS = 5376 )
SINR = ( 2.4 2.6 2.8 3 3.2 3.4 3.6 )
BLER = ( 1.0 0.9985 0.8586 0.1919 0.0025 )

KEY   = ( MCS = 11  TBS = 5376 )
SINR = ( 3.4 3.6 3.8 4 4.2 )
BLER = ( 1 0.9705 0.5157 0.039 0.0015 )

KEY   = ( MCS = 12  TBS = 5376 )
SINR = ( 4.4 4.6 4.8 5 5.2 )
BLER = ( 1.0 0.9245 0.3808 0.0433 0.0008 )

KEY   = ( MCS = 13  TBS = 5376 )
SINR = ( 5.2 5.4 5.6 5.8 6 6.2 )
BLER = ( 1.0 0.952 0.5117 0.0785 0.0038 0.0001 )

KEY   = ( MCS = 14  TBS = 5376 )
SINR = ( 6.0 6.2 6.4 6.6 6.8 7 7.2 )
BLER = ( 1.0 0.994 0.8326 0.2629 0.0282 0.001 0.0002 )

KEY   = ( MCS = 15  TBS = 5376 )
SINR = ( 7.0 7.2 7.4 7.6 7.8 )
BLER = ( 1.0 0.97 0.6037 0.1174 0.004 )

KEY   = ( MCS = 16  TBS = 5376 )
SINR = ( 7.6 7.8 8 8.2 8.4 8.6 )
BLER = ( 1.0 0.981 0.7001 0.1789 0.0077 0.0002 )

KEY   = ( MCS = 17  TBS = 5376 )
SINR = ( 9.0 9.2 9.4 9.6 9.8 10 )
BLER = ( 1.0 0.993 0.7266 0.0935 0.0028 0 )

KEY   = ( MCS = 18  TBS = 5376 )
SINR = ( 9.8 10 10.2 10.4 10.6 10.8 )
BLER = ( 1.0 0.9985 0.8831 0.2659 0.0158 0.0009 )

KEY   = ( MCS = 19  TBS = 5376 )
SINR = ( 10.8 11 11.2 11.4 11.6 11.8 )
BLER = ( 1.0 0.96 0.5537 0.1054 0.0051 0.0003 )

KEY   = ( MCS = 20  TBS = 5376 )
SINR = ( 11.6 11.8 12 12.2 12.4 12.6 )
BLER = ( 1.0 0.9715 0.6717 0.1279 0.006 0.0002 )

KEY   = ( MCS = 21  TBS = 5376 )
SINR = ( 12.4 12.6 12.8 13 13.2 13.4 13.6 )
BLER = ( 1.0 0.996 0.8901 0.4293 0.0665 0.0034 0.0003 )

KEY   = ( MCS = 22  TBS = 5376 )
SINR = ( 13.4 13.6 13.8 14 14.2 14.4 14.6 )
BLER = ( 1.0 0.998 0.908 0.4668 0.093 0.0071 0.0006 )

KEY   = ( MCS = 23  TBS = 5376 )
SINR = ( 14.4 14.6 14.8 15 15.2 15.4 15.6 )
BLER = ( 1.0 0.9995 0.8926 0.4853 0.098 0.0072 0.0008 )

KEY   = ( MCS = 24  TBS = 5376 )
SINR = ( 15.4 15.6 15.8 16 16.2 16.4 16.6 )
BLER = ( 1.0 0.9915 0.8916 0.4738 0.0935 0.0081 )

KEY   = ( MCS = 25  TBS = 5376 )
SINR = ( 16.4 16.6 16.8 17 17.2 17.4 17.6 )
BLER = ( 1.0 0.996 0.9345 0.5997 0.1594 0.0156 0.0007 )

KEY   = ( MCS = 26  TBS = 5376 )
SINR = ( 17.4 17.6 17.8 18 18.2 18.4 18.6 )
BLER = ( 1.0 0.9825 0.8281 0.4263 0.088 0.006 0.0005 )

KEY   = ( MCS = 27  TBS = 5376 )
SINR = ( 18.4 18.6 18.8 19 19.2 19.4 19.6 )
BLER = ( 1.0 0.997 0.9405 0.6492 0.2704 0.0505 0.0061 )
