0.0144
0.0160
0.0180
0.0200
0.0228
0.0252
0.0284
0.0320
0.0356
0.0400
0.0448
0.0504
0.0564
0.0632
0.0704
0.0788
0.0884
0.0988
0.1104
0.1232
0.1376
0.1536
0.1712
0.1904
0.2124
0.2360
0.2624
0.2912
0.3232
0.3580
0.3960
0.4376
0.4824
0.5316
0.5844
0.6412
0.7024
0.7680
0.8376
0.9116
0.9896
1.0720
1.1584
1.2488
1.3428
1.4400
1.5408
1.6448
1.7516
1.8612
1.9732
2.0876
2.2036
2.3216
2.4412
2.5612
2.6836
2.8056
2.9268
3.0468
3.1640
3.2772
3.3852
3.4864
3.5796
3.6632
3.7372
3.8004
3.8532
3.8956
3.9284
3.9532
3.9708
3.9828
3.9904
3.9952
3.9976
3.9988
3.9996
4.0000
4.0000
4.0000
4.0000
4.0000
4.0000
4.0000
4.0000
4.0000
4.0000
4.0000
4.0000
4.0000
4.0000
4.0000
4.0000