0.0144
0.0162
0.0180
0.0204
0.0228
0.0258
0.0282
0.0324
0.0360
0.0402
0.0450
0.0504
0.0564
0.0636
0.0702
0.0792
0.0882
0.0990
0.1104
0.1242
0.1374
0.1542
0.1710
0.1914
0.2124
0.2376
0.2622
0.2928
0.3234
0.3594
0.3960
0.4392
0.4830
0.5340
0.5844
0.6438
0.7032
0.7710
0.8388
0.9150
0.9918
1.0770
1.1622
1.2552
1.3482
1.4490
1.5498
1.6578
1.7652
1.8792
1.9926
2.1114
2.2308
2.3544
2.4786
2.6070
2.7348
2.8668
2.9982
3.1338
3.2688
3.4062
3.5442
3.6846
3.8244
3.9666
4.1088
4.2522
4.3950
4.5384
4.6812
4.8216
4.9614
5.0934
5.2248
5.3424
5.4600
5.5572
5.6550
5.7282
5.8008
5.8392
5.8776
5.9040
5.9298
5.9460
5.9622
5.9724
5.9826
5.9898
5.9970
5.9988
6.0000
6.0000
6.0000