0.0144
0.0160
0.0180
0.0202
0.0228
0.0254
0.0286
0.0318
0.0358
0.0400
0.0450
0.0502
0.0564
0.0630
0.0704
0.0788
0.0884
0.0986
0.1102
0.1232
0.1376
0.1534
0.1710
0.1906
0.2122
0.2360
0.2622
0.2912
0.3230
0.3576
0.3956
0.4368
0.4814
0.5300
0.5820
0.6380
0.6978
0.7612
0.8282
0.8986
0.9718
1.0478
1.1256
1.2048
1.2844
1.3634
1.4414
1.5168
1.5888
1.6562
1.7184
1.7744
1.8238
1.8662
1.9014
1.9298
1.9520
1.9684
1.9802
1.9884
1.9936
1.9966
1.9984
1.9994
1.9998
2.0000
2.0000
2.0000
2.0000
2.0000
2.0000
2.0000
2.0000
2.0000
2.0000
2.0000
2.0000
2.0000
2.0000
2.0000
2.0000
2.0000
2.0000
2.0000
2.0000
2.0000
2.0000
2.0000
2.0000
2.0000
2.0000
2.0000
2.0000
2.0000
2.0000